Date,Open,High,Low,Close,Volume,Dividends,Stock Splits,Capital Gains,Company_ID
2016-10-13 00:00:00+05:30,12.0,12.0,12.0,12.0,20000,0.0,0.0,0.0,540144
2016-10-14 00:00:00+05:30,12.0,12.0,12.0,12.0,0,0.0,0.0,0.0,540144
2016-10-17 00:00:00+05:30,12.0,12.0,12.0,12.0,0,0.0,0.0,0.0,540144
2016-10-18 00:00:00+05:30,14.399999618530273,14.399999618530273,14.399999618530273,14.399999618530273,10000,0.0,0.0,0.0,540144
2016-10-19 00:00:00+05:30,17.280000686645508,17.280000686645508,17.280000686645508,17.280000686645508,100000,0.0,0.0,0.0,540144
2016-10-20 00:00:00+05:30,19.200000762939453,19.200000762939453,19.200000762939453,19.200000762939453,180000,0.0,0.0,0.0,540144
2016-10-21 00:00:00+05:30,19.200000762939453,19.200000762939453,19.200000762939453,19.200000762939453,0,0.0,0.0,0.0,540144
2016-10-24 00:00:00+05:30,21.75,23.040000915527344,21.0,23.040000915527344,660000,0.0,0.0,0.0,540144
2016-10-25 00:00:00+05:30,23.950000762939453,24.0,23.950000762939453,24.0,110000,0.0,0.0,0.0,540144
2016-10-26 00:00:00+05:30,24.0,24.0,24.0,24.0,0,0.0,0.0,0.0,540144
2016-10-27 00:00:00+05:30,24.0,24.0,24.0,24.0,10000,0.0,0.0,0.0,540144
2016-10-28 00:00:00+05:30,24.0,24.0,24.0,24.0,0,0.0,0.0,0.0,540144
2016-11-01 00:00:00+05:30,26.290000915527344,28.799999237060547,25.979999542236328,28.799999237060547,270000,0.0,0.0,0.0,540144
2016-11-02 00:00:00+05:30,32.7400016784668,34.560001373291016,32.7400016784668,34.52000045776367,230000,0.0,0.0,0.0,540144
2016-11-03 00:00:00+05:30,34.29999923706055,34.29999923706055,27.75,28.31999969482422,170000,0.0,0.0,0.0,540144
2016-11-04 00:00:00+05:30,31.940000534057617,33.97999954223633,29.100000381469727,32.38999938964844,80000,0.0,0.0,0.0,540144
2016-11-07 00:00:00+05:30,30.100000381469727,37.20000076293945,30.100000381469727,35.0,80000,0.0,0.0,0.0,540144
2016-11-08 00:00:00+05:30,35.0,35.0,32.599998474121094,32.599998474121094,30000,0.0,0.0,0.0,540144
2016-11-09 00:00:00+05:30,26.760000228881836,29.399999618530273,26.760000228881836,29.200000762939453,60000,0.0,0.0,0.0,540144
2016-11-10 00:00:00+05:30,30.899999618530273,32.04999923706055,30.899999618530273,32.04999923706055,20000,0.0,0.0,0.0,540144
2016-11-11 00:00:00+05:30,30.450000762939453,30.450000762939453,26.700000762939453,28.399999618530273,40000,0.0,0.0,0.0,540144
2016-11-15 00:00:00+05:30,34.08000183105469,34.08000183105469,30.049999237060547,30.049999237060547,90000,0.0,0.0,0.0,540144
2016-11-16 00:00:00+05:30,30.049999237060547,30.049999237060547,30.049999237060547,30.049999237060547,0,0.0,0.0,0.0,540144
2016-11-17 00:00:00+05:30,30.049999237060547,30.049999237060547,30.049999237060547,30.049999237060547,0,0.0,0.0,0.0,540144
2016-11-18 00:00:00+05:30,27.700000762939453,29.700000762939453,27.600000381469727,27.600000381469727,40000,0.0,0.0,0.0,540144
2016-11-21 00:00:00+05:30,23.25,23.25,23.010000228881836,23.020000457763672,40000,0.0,0.0,0.0,540144
2016-11-22 00:00:00+05:30,23.5,24.0,23.5,24.0,20000,0.0,0.0,0.0,540144
2016-11-23 00:00:00+05:30,24.0,24.0,24.0,24.0,10000,0.0,0.0,0.0,540144
2016-11-24 00:00:00+05:30,24.0,24.0,24.0,24.0,0,0.0,0.0,0.0,540144
2016-11-25 00:00:00+05:30,25.399999618530273,26.0,25.399999618530273,26.0,20000,0.0,0.0,0.0,540144
2016-11-28 00:00:00+05:30,26.899999618530273,27.5,26.899999618530273,27.5,20000,0.0,0.0,0.0,540144
2016-11-29 00:00:00+05:30,26.049999237060547,26.049999237060547,26.049999237060547,26.049999237060547,10000,0.0,0.0,0.0,540144
2016-11-30 00:00:00+05:30,26.049999237060547,30.989999771118164,26.049999237060547,30.989999771118164,80000,0.0,0.0,0.0,540144
2016-12-01 00:00:00+05:30,32.5,35.099998474121094,32.25,35.0,90000,0.0,0.0,0.0,540144
2016-12-02 00:00:00+05:30,33.5,33.5,33.400001525878906,33.45000076293945,40000,0.0,0.0,0.0,540144
2016-12-05 00:00:00+05:30,33.45000076293945,33.45000076293945,33.45000076293945,33.45000076293945,0,0.0,0.0,0.0,540144
2016-12-06 00:00:00+05:30,34.0,34.0,34.0,34.0,10000,0.0,0.0,0.0,540144
2016-12-07 00:00:00+05:30,33.400001525878906,33.400001525878906,33.29999923706055,33.29999923706055,30000,0.0,0.0,0.0,540144
2016-12-08 00:00:00+05:30,33.29999923706055,33.29999923706055,33.29999923706055,33.29999923706055,0,0.0,0.0,0.0,540144
2016-12-09 00:00:00+05:30,35.04999923706055,35.04999923706055,35.04999923706055,35.04999923706055,10000,0.0,0.0,0.0,540144
2016-12-12 00:00:00+05:30,35.79999923706055,39.0,35.0,39.0,60000,0.0,0.0,0.0,540144
2016-12-13 00:00:00+05:30,39.0,39.0,39.0,39.0,0,0.0,0.0,0.0,540144
2016-12-14 00:00:00+05:30,39.0,39.0,39.0,39.0,0,0.0,0.0,0.0,540144
2016-12-15 00:00:00+05:30,39.0,39.0,39.0,39.0,0,0.0,0.0,0.0,540144
2016-12-16 00:00:00+05:30,33.0,37.900001525878906,33.0,37.900001525878906,30000,0.0,0.0,0.0,540144
2016-12-19 00:00:00+05:30,38.79999923706055,39.0,38.79999923706055,39.0,70000,0.0,0.0,0.0,540144
2016-12-20 00:00:00+05:30,39.0,39.0,39.0,39.0,0,0.0,0.0,0.0,540144
2016-12-21 00:00:00+05:30,38.900001525878906,38.900001525878906,38.900001525878906,38.900001525878906,40000,0.0,0.0,0.0,540144
2016-12-22 00:00:00+05:30,38.900001525878906,38.900001525878906,38.900001525878906,38.900001525878906,20000,0.0,0.0,0.0,540144
2016-12-23 00:00:00+05:30,38.75,38.75,38.70000076293945,38.75,20000,0.0,0.0,0.0,540144
2016-12-26 00:00:00+05:30,34.25,38.95000076293945,34.25,37.5,50000,0.0,0.0,0.0,540144
2016-12-27 00:00:00+05:30,36.0,36.0,35.5,35.75,20000,0.0,0.0,0.0,540144
2016-12-28 00:00:00+05:30,37.79999923706055,38.5,37.79999923706055,38.5,70000,0.0,0.0,0.0,540144
2016-12-29 00:00:00+05:30,39.0,39.0,38.95000076293945,39.0,130000,0.0,0.0,0.0,540144
2016-12-30 00:00:00+05:30,39.0,39.0,39.0,39.0,0,0.0,0.0,0.0,540144
2017-01-02 00:00:00+05:30,46.150001525878906,46.79999923706055,46.150001525878906,46.79999923706055,90000,0.0,0.0,0.0,540144
2017-01-03 00:00:00+05:30,43.0,49.79999923706055,42.0,47.0,100000,0.0,0.0,0.0,540144
2017-01-04 00:00:00+05:30,47.0,47.0,47.0,47.0,10000,0.0,0.0,0.0,540144
2017-01-05 00:00:00+05:30,41.0,47.95000076293945,41.0,47.95000076293945,30000,0.0,0.0,0.0,540144
2017-01-06 00:00:00+05:30,42.29999923706055,46.0,42.29999923706055,46.0,20000,0.0,0.0,0.0,540144
2017-01-09 00:00:00+05:30,47.0,47.0,47.0,47.0,10000,0.0,0.0,0.0,540144
2017-01-10 00:00:00+05:30,46.599998474121094,46.599998474121094,46.5,46.54999923706055,30000,0.0,0.0,0.0,540144
2017-01-11 00:00:00+05:30,45.5,45.5,45.5,45.5,10000,0.0,0.0,0.0,540144
2017-01-12 00:00:00+05:30,45.5,45.5,45.5,45.5,0,0.0,0.0,0.0,540144
2017-01-13 00:00:00+05:30,46.20000076293945,46.20000076293945,46.20000076293945,46.20000076293945,10000,0.0,0.0,0.0,540144
2017-01-16 00:00:00+05:30,46.20000076293945,46.20000076293945,46.20000076293945,46.20000076293945,0,0.0,0.0,0.0,540144
2017-01-17 00:00:00+05:30,46.20000076293945,46.20000076293945,46.20000076293945,46.20000076293945,0,0.0,0.0,0.0,540144
2017-01-18 00:00:00+05:30,46.20000076293945,46.20000076293945,46.20000076293945,46.20000076293945,0,0.0,0.0,0.0,540144
2017-01-19 00:00:00+05:30,48.0,48.0,48.0,48.0,10000,0.0,0.0,0.0,540144
2017-01-20 00:00:00+05:30,49.29999923706055,49.29999923706055,42.099998474121094,45.04999923706055,40000,0.0,0.0,0.0,540144
2017-01-23 00:00:00+05:30,45.0,53.0,45.0,51.5,100000,0.0,0.0,0.0,540144
2017-01-24 00:00:00+05:30,52.0,53.29999923706055,52.0,53.29999923706055,20000,0.0,0.0,0.0,540144
2017-01-25 00:00:00+05:30,55.0,55.0,55.0,55.0,10000,0.0,0.0,0.0,540144
2017-01-27 00:00:00+05:30,56.099998474121094,56.099998474121094,51.0,51.95000076293945,30000,0.0,0.0,0.0,540144
2017-01-30 00:00:00+05:30,53.0,53.0,53.0,53.0,10000,0.0,0.0,0.0,540144
2017-01-31 00:00:00+05:30,53.0,53.0,53.0,53.0,0,0.0,0.0,0.0,540144
2017-02-01 00:00:00+05:30,53.0,53.0,53.0,53.0,0,0.0,0.0,0.0,540144
2017-02-02 00:00:00+05:30,53.0,53.0,53.0,53.0,0,0.0,0.0,0.0,540144
2017-02-03 00:00:00+05:30,52.25,52.25,52.20000076293945,52.20000076293945,20000,0.0,0.0,0.0,540144
2017-02-06 00:00:00+05:30,49.0,49.0,48.70000076293945,48.70000076293945,20000,0.0,0.0,0.0,540144
2017-02-07 00:00:00+05:30,48.70000076293945,48.70000076293945,48.70000076293945,48.70000076293945,0,0.0,0.0,0.0,540144
2017-02-08 00:00:00+05:30,48.70000076293945,48.70000076293945,48.70000076293945,48.70000076293945,0,0.0,0.0,0.0,540144
2017-02-09 00:00:00+05:30,48.70000076293945,48.70000076293945,48.70000076293945,48.70000076293945,0,0.0,0.0,0.0,540144
2017-02-10 00:00:00+05:30,49.5,51.0,42.29999923706055,49.349998474121094,80000,0.0,0.0,0.0,540144
2017-02-13 00:00:00+05:30,49.349998474121094,49.349998474121094,49.349998474121094,49.349998474121094,0,0.0,0.0,0.0,540144
2017-02-14 00:00:00+05:30,51.0,51.0,51.0,51.0,10000,0.0,0.0,0.0,540144
2017-02-15 00:00:00+05:30,51.0,51.0,51.0,51.0,0,0.0,0.0,0.0,540144
2017-02-16 00:00:00+05:30,51.0,51.0,51.0,51.0,0,0.0,0.0,0.0,540144
2017-02-17 00:00:00+05:30,49.5,49.5,49.5,49.5,10000,0.0,0.0,0.0,540144
2017-02-20 00:00:00+05:30,46.5,46.5,43.79999923706055,43.900001525878906,50000,0.0,0.0,0.0,540144
2017-02-21 00:00:00+05:30,43.0,43.29999923706055,40.20000076293945,40.45000076293945,80000,0.0,0.0,0.0,540144
2017-02-22 00:00:00+05:30,42.5,42.5,42.099998474121094,42.099998474121094,20000,0.0,0.0,0.0,540144
2017-02-23 00:00:00+05:30,42.5,42.5,42.400001525878906,42.400001525878906,20000,0.0,0.0,0.0,540144
2017-02-27 00:00:00+05:30,42.400001525878906,42.400001525878906,42.400001525878906,42.400001525878906,0,0.0,0.0,0.0,540144
2017-02-28 00:00:00+05:30,43.45000076293945,45.54999923706055,43.04999923706055,45.54999923706055,30000,0.0,0.0,0.0,540144
2017-03-01 00:00:00+05:30,45.54999923706055,45.54999923706055,45.54999923706055,45.54999923706055,0,0.0,0.0,0.0,540144
2017-03-02 00:00:00+05:30,52.79999923706055,52.79999923706055,52.79999923706055,52.79999923706055,10000,0.0,0.0,0.0,540144
2017-03-03 00:00:00+05:30,43.20000076293945,43.20000076293945,42.25,43.0,60000,0.0,0.0,0.0,540144
2017-03-06 00:00:00+05:30,43.5,43.5,43.5,43.5,10000,0.0,0.0,0.0,540144
2017-03-07 00:00:00+05:30,43.5,43.5,43.5,43.5,0,0.0,0.0,0.0,540144
2017-03-08 00:00:00+05:30,49.599998474121094,49.599998474121094,43.0,43.0,20000,0.0,0.0,0.0,540144
2017-03-09 00:00:00+05:30,43.0,43.0,43.0,43.0,0,0.0,0.0,0.0,540144
2017-03-10 00:00:00+05:30,41.20000076293945,45.5,41.20000076293945,45.5,20000,0.0,0.0,0.0,540144
2017-03-14 00:00:00+05:30,43.0,45.5,42.5,42.54999923706055,50000,0.0,0.0,0.0,540144
2017-03-15 00:00:00+05:30,49.599998474121094,49.599998474121094,49.599998474121094,49.599998474121094,10000,0.0,0.0,0.0,540144
2017-03-16 00:00:00+05:30,42.45000076293945,45.900001525878906,42.45000076293945,45.900001525878906,30000,0.0,0.0,0.0,540144
2017-03-17 00:00:00+05:30,45.900001525878906,45.900001525878906,45.900001525878906,45.900001525878906,0,0.0,0.0,0.0,540144
2017-03-20 00:00:00+05:30,45.900001525878906,45.900001525878906,45.900001525878906,45.900001525878906,0,0.0,0.0,0.0,540144
2017-03-21 00:00:00+05:30,39.70000076293945,45.900001525878906,39.70000076293945,44.099998474121094,60000,0.0,0.0,0.0,540144
2017-03-22 00:00:00+05:30,44.099998474121094,44.099998474121094,44.099998474121094,44.099998474121094,0,0.0,0.0,0.0,540144
2017-03-23 00:00:00+05:30,43.5,46.400001525878906,42.599998474121094,44.0,60000,0.0,0.0,0.0,540144
2017-03-24 00:00:00+05:30,51.349998474121094,51.349998474121094,42.599998474121094,46.0,150000,0.0,0.0,0.0,540144
2017-03-27 00:00:00+05:30,40.5,48.5,40.5,42.599998474121094,90000,0.0,0.0,0.0,540144
2017-03-28 00:00:00+05:30,42.400001525878906,46.29999923706055,42.400001525878906,46.29999923706055,40000,0.0,0.0,0.0,540144
2017-03-29 00:00:00+05:30,46.29999923706055,46.29999923706055,46.29999923706055,46.29999923706055,0,0.0,0.0,0.0,540144
2017-03-30 00:00:00+05:30,46.29999923706055,46.29999923706055,46.29999923706055,46.29999923706055,0,0.0,0.0,0.0,540144
2017-03-31 00:00:00+05:30,46.29999923706055,46.29999923706055,46.29999923706055,46.29999923706055,0,0.0,0.0,0.0,540144
2017-04-03 00:00:00+05:30,46.29999923706055,46.29999923706055,46.29999923706055,46.29999923706055,0,0.0,0.0,0.0,540144
2017-04-05 00:00:00+05:30,44.0,44.0,44.0,44.0,10000,0.0,0.0,0.0,540144
2017-04-06 00:00:00+05:30,44.0,44.0,44.0,44.0,0,0.0,0.0,0.0,540144
2017-04-07 00:00:00+05:30,44.0,44.0,44.0,44.0,0,0.0,0.0,0.0,540144
2017-04-10 00:00:00+05:30,44.0,44.0,44.0,44.0,0,0.0,0.0,0.0,540144
2017-04-11 00:00:00+05:30,44.0,44.0,44.0,44.0,0,0.0,0.0,0.0,540144
2017-04-12 00:00:00+05:30,42.79999923706055,42.79999923706055,42.79999923706055,42.79999923706055,10000,0.0,0.0,0.0,540144
2017-04-13 00:00:00+05:30,42.79999923706055,42.79999923706055,42.79999923706055,42.79999923706055,0,0.0,0.0,0.0,540144
2017-04-17 00:00:00+05:30,42.79999923706055,42.79999923706055,42.79999923706055,42.79999923706055,0,0.0,0.0,0.0,540144
2017-04-18 00:00:00+05:30,42.79999923706055,42.79999923706055,42.79999923706055,42.79999923706055,0,0.0,0.0,0.0,540144
2017-04-19 00:00:00+05:30,42.79999923706055,42.79999923706055,42.79999923706055,42.79999923706055,0,0.0,0.0,0.0,540144
2017-04-20 00:00:00+05:30,42.79999923706055,42.79999923706055,42.79999923706055,42.79999923706055,0,0.0,0.0,0.0,540144
2017-04-21 00:00:00+05:30,42.79999923706055,42.79999923706055,42.79999923706055,42.79999923706055,0,0.0,0.0,0.0,540144
2017-04-24 00:00:00+05:30,42.79999923706055,42.79999923706055,42.79999923706055,42.79999923706055,0,0.0,0.0,0.0,540144
2017-04-25 00:00:00+05:30,42.79999923706055,42.79999923706055,42.79999923706055,42.79999923706055,0,0.0,0.0,0.0,540144
2017-04-26 00:00:00+05:30,42.79999923706055,42.79999923706055,42.79999923706055,42.79999923706055,0,0.0,0.0,0.0,540144
2017-04-27 00:00:00+05:30,42.79999923706055,42.79999923706055,42.79999923706055,42.79999923706055,0,0.0,0.0,0.0,540144
2017-04-28 00:00:00+05:30,42.0,43.0,42.0,43.0,20000,0.0,0.0,0.0,540144
2017-05-02 00:00:00+05:30,43.0,43.0,43.0,43.0,0,0.0,0.0,0.0,540144
2017-05-03 00:00:00+05:30,43.0,43.0,43.0,43.0,0,0.0,0.0,0.0,540144
2017-05-04 00:00:00+05:30,51.25,51.25,45.0,45.0,30000,0.0,0.0,0.0,540144
2017-05-05 00:00:00+05:30,45.5,45.5,43.400001525878906,43.45000076293945,10000,0.0,0.0,0.0,540144
2017-05-08 00:00:00+05:30,43.45000076293945,43.45000076293945,43.45000076293945,43.45000076293945,0,0.0,0.0,0.0,540144
2017-05-09 00:00:00+05:30,43.45000076293945,43.45000076293945,43.45000076293945,43.45000076293945,0,0.0,0.0,0.0,540144
2017-05-10 00:00:00+05:30,43.45000076293945,43.45000076293945,43.45000076293945,43.45000076293945,0,0.0,0.0,0.0,540144
2017-05-11 00:00:00+05:30,43.45000076293945,43.45000076293945,43.45000076293945,43.45000076293945,0,0.0,0.0,0.0,540144
2017-05-12 00:00:00+05:30,46.20000076293945,48.599998474121094,45.0,45.0,10000,0.0,0.0,0.0,540144
2017-05-15 00:00:00+05:30,45.0,45.0,44.29999923706055,44.29999923706055,12500,0.0,0.0,0.0,540144
2017-05-16 00:00:00+05:30,46.650001525878906,46.650001525878906,46.650001525878906,46.650001525878906,2500,0.0,0.0,0.0,540144
2017-05-17 00:00:00+05:30,46.650001525878906,46.650001525878906,46.650001525878906,46.650001525878906,0,0.0,0.0,0.0,540144
2017-05-18 00:00:00+05:30,46.650001525878906,46.650001525878906,45.5,45.5,5000,0.0,0.0,0.0,540144
2017-05-19 00:00:00+05:30,46.400001525878906,46.400001525878906,45.25,45.25,12500,0.0,0.0,0.0,540144
2017-05-22 00:00:00+05:30,45.29999923706055,46.79999923706055,45.29999923706055,46.79999923706055,7500,0.0,0.0,0.0,540144
2017-05-23 00:00:00+05:30,45.5,45.5,45.099998474121094,45.099998474121094,5000,0.0,0.0,0.0,540144
2017-05-24 00:00:00+05:30,46.0,46.0,44.20000076293945,44.25,7500,0.0,0.0,0.0,540144
2017-05-25 00:00:00+05:30,44.25,44.25,44.25,44.25,0,0.0,0.0,0.0,540144
2017-05-26 00:00:00+05:30,44.25,44.25,44.25,44.25,0,0.0,0.0,0.0,540144
2017-05-29 00:00:00+05:30,46.599998474121094,48.0,46.599998474121094,47.849998474121094,15000,0.0,0.0,0.0,540144
2017-05-30 00:00:00+05:30,46.04999923706055,49.400001525878906,46.0,48.95000076293945,35000,0.0,0.0,0.0,540144
2017-05-31 00:00:00+05:30,45.5,45.5,43.099998474121094,43.099998474121094,15000,0.0,0.0,0.0,540144
2017-06-01 00:00:00+05:30,42.099998474121094,42.099998474121094,42.0,42.0,7500,0.0,0.0,0.0,540144
2017-06-02 00:00:00+05:30,42.0,42.0,41.0,41.5,12500,0.0,0.0,0.0,540144
2017-06-05 00:00:00+05:30,40.0,40.0,40.0,40.0,2500,0.0,0.0,0.0,540144
2017-06-06 00:00:00+05:30,39.25,39.25,39.25,39.25,2500,0.0,0.0,0.0,540144
2017-06-07 00:00:00+05:30,38.599998474121094,38.599998474121094,38.5,38.5,5000,0.0,0.0,0.0,540144
2017-06-08 00:00:00+05:30,38.0,38.0,38.0,38.0,2500,0.0,0.0,0.0,540144
2017-06-09 00:00:00+05:30,37.099998474121094,37.5,36.0,36.0,20000,0.0,0.0,0.0,540144
2017-06-12 00:00:00+05:30,36.349998474121094,36.349998474121094,33.20000076293945,33.54999923706055,15000,0.0,0.0,0.0,540144
2017-06-13 00:00:00+05:30,36.45000076293945,36.900001525878906,33.70000076293945,33.95000076293945,17500,0.0,0.0,0.0,540144
2017-06-14 00:00:00+05:30,39.5,39.599998474121094,33.849998474121094,33.95000076293945,42500,0.0,0.0,0.0,540144
2017-06-15 00:00:00+05:30,33.099998474121094,36.400001525878906,33.099998474121094,36.400001525878906,25000,0.0,0.0,0.0,540144
2017-06-16 00:00:00+05:30,36.400001525878906,36.400001525878906,36.400001525878906,36.400001525878906,0,0.0,0.0,0.0,540144
2017-06-19 00:00:00+05:30,36.400001525878906,36.400001525878906,36.400001525878906,36.400001525878906,0,0.0,0.0,0.0,540144
2017-06-20 00:00:00+05:30,36.400001525878906,36.400001525878906,36.400001525878906,36.400001525878906,0,0.0,0.0,0.0,540144
2017-06-21 00:00:00+05:30,37.75,37.75,37.75,37.75,2500,0.0,0.0,0.0,540144
2017-06-22 00:00:00+05:30,37.75,37.75,37.75,37.75,0,0.0,0.0,0.0,540144
2017-06-23 00:00:00+05:30,37.75,37.75,37.75,37.75,0,0.0,0.0,0.0,540144
2017-06-27 00:00:00+05:30,37.75,37.75,37.75,37.75,0,0.0,0.0,0.0,540144
2017-06-28 00:00:00+05:30,37.75,37.75,37.75,37.75,0,0.0,0.0,0.0,540144
2017-06-29 00:00:00+05:30,37.75,37.75,37.75,37.75,0,0.0,0.0,0.0,540144
2017-06-30 00:00:00+05:30,37.75,37.75,37.75,37.75,0,0.0,0.0,0.0,540144
2017-07-03 00:00:00+05:30,37.75,37.75,37.75,37.75,0,0.0,0.0,0.0,540144
2017-07-04 00:00:00+05:30,37.75,37.75,37.75,37.75,0,0.0,0.0,0.0,540144
2017-07-05 00:00:00+05:30,36.5,36.5,36.5,36.5,5000,0.0,0.0,0.0,540144
2017-07-06 00:00:00+05:30,36.5,36.5,36.5,36.5,0,0.0,0.0,0.0,540144
2017-07-07 00:00:00+05:30,36.5,36.5,36.5,36.5,0,0.0,0.0,0.0,540144
2017-07-10 00:00:00+05:30,36.5,36.5,36.5,36.5,0,0.0,0.0,0.0,540144
2017-07-11 00:00:00+05:30,36.5,36.5,36.5,36.5,0,0.0,0.0,0.0,540144
2017-07-12 00:00:00+05:30,36.5,36.5,36.5,36.5,0,0.0,0.0,0.0,540144
2017-07-13 00:00:00+05:30,35.150001525878906,36.0,35.150001525878906,36.0,5000,0.0,0.0,0.0,540144
2017-07-14 00:00:00+05:30,36.0,36.0,36.0,36.0,0,0.0,0.0,0.0,540144
2017-07-17 00:00:00+05:30,36.0,36.0,36.0,36.0,0,0.0,0.0,0.0,540144
2017-07-18 00:00:00+05:30,36.0,36.0,36.0,36.0,0,0.0,0.0,0.0,540144
2017-07-19 00:00:00+05:30,35.04999923706055,35.5,35.04999923706055,35.5,12500,0.0,0.0,0.0,540144
2017-07-20 00:00:00+05:30,34.099998474121094,38.0,34.099998474121094,37.95000076293945,25000,0.0,0.0,0.0,540144
2017-07-21 00:00:00+05:30,36.0,36.5,36.0,36.5,15000,0.0,0.0,0.0,540144
2017-07-24 00:00:00+05:30,36.75,36.79999923706055,36.75,36.79999923706055,5000,0.0,0.0,0.0,540144
2017-07-25 00:00:00+05:30,36.79999923706055,36.79999923706055,36.79999923706055,36.79999923706055,0,0.0,0.0,0.0,540144
2017-07-26 00:00:00+05:30,36.79999923706055,36.79999923706055,36.79999923706055,36.79999923706055,0,0.0,0.0,0.0,540144
2017-07-27 00:00:00+05:30,34.29999923706055,38.400001525878906,34.29999923706055,38.400001525878906,30000,0.0,0.0,0.0,540144
2017-07-28 00:00:00+05:30,38.45000076293945,38.45000076293945,38.45000076293945,38.45000076293945,2500,0.0,0.0,0.0,540144
2017-07-31 00:00:00+05:30,38.79999923706055,38.79999923706055,38.79999923706055,38.79999923706055,2500,0.0,0.0,0.0,540144
2017-08-01 00:00:00+05:30,38.79999923706055,38.79999923706055,38.79999923706055,38.79999923706055,0,0.0,0.0,0.0,540144
2017-08-02 00:00:00+05:30,38.79999923706055,38.79999923706055,38.79999923706055,38.79999923706055,0,0.0,0.0,0.0,540144
2017-08-03 00:00:00+05:30,38.79999923706055,38.79999923706055,38.79999923706055,38.79999923706055,0,0.0,0.0,0.0,540144
2017-08-04 00:00:00+05:30,38.79999923706055,38.79999923706055,38.79999923706055,38.79999923706055,0,0.0,0.0,0.0,540144
2017-08-07 00:00:00+05:30,38.79999923706055,38.79999923706055,38.79999923706055,38.79999923706055,0,0.0,0.0,0.0,540144
2017-08-08 00:00:00+05:30,38.79999923706055,38.79999923706055,38.79999923706055,38.79999923706055,0,0.0,0.0,0.0,540144
2017-08-09 00:00:00+05:30,38.79999923706055,38.79999923706055,38.79999923706055,38.79999923706055,0,0.0,0.0,0.0,540144
2017-08-10 00:00:00+05:30,35.599998474121094,35.599998474121094,34.04999923706055,34.099998474121094,10000,0.0,0.0,0.0,540144
2017-08-11 00:00:00+05:30,34.099998474121094,34.099998474121094,34.099998474121094,34.099998474121094,0,0.0,0.0,0.0,540144
2017-08-14 00:00:00+05:30,34.099998474121094,34.099998474121094,34.099998474121094,34.099998474121094,0,0.0,0.0,0.0,540144
2017-08-16 00:00:00+05:30,34.099998474121094,34.099998474121094,34.099998474121094,34.099998474121094,0,0.0,0.0,0.0,540144
2017-08-17 00:00:00+05:30,34.099998474121094,34.099998474121094,34.099998474121094,34.099998474121094,0,0.0,0.0,0.0,540144
2017-08-18 00:00:00+05:30,34.099998474121094,34.099998474121094,34.099998474121094,34.099998474121094,0,0.0,0.0,0.0,540144
2017-08-21 00:00:00+05:30,34.099998474121094,34.099998474121094,34.099998474121094,34.099998474121094,0,0.0,0.0,0.0,540144
2017-08-22 00:00:00+05:30,34.099998474121094,34.099998474121094,34.099998474121094,34.099998474121094,0,0.0,0.0,0.0,540144
2017-08-23 00:00:00+05:30,35.5,35.5,35.5,35.5,2500,0.0,0.0,0.0,540144
2017-08-24 00:00:00+05:30,35.5,35.5,35.5,35.5,0,0.0,0.0,0.0,540144
2017-08-28 00:00:00+05:30,35.5,35.5,35.5,35.5,0,0.0,0.0,0.0,540144
2017-08-29 00:00:00+05:30,35.5,35.5,35.5,35.5,0,0.0,0.0,0.0,540144
2017-08-30 00:00:00+05:30,35.5,35.5,35.5,35.5,0,0.0,0.0,0.0,540144
2017-08-31 00:00:00+05:30,35.5,35.5,35.5,35.5,0,0.0,0.0,0.0,540144
2017-09-01 00:00:00+05:30,35.5,35.5,35.5,35.5,0,0.0,0.0,0.0,540144
2017-09-04 00:00:00+05:30,35.5,35.5,35.5,35.5,0,0.0,0.0,0.0,540144
2017-09-05 00:00:00+05:30,35.5,35.5,35.5,35.5,0,0.0,0.0,0.0,540144
2017-09-06 00:00:00+05:30,35.5,35.5,35.5,35.5,0,0.0,0.0,0.0,540144
2017-09-07 00:00:00+05:30,35.5,35.5,35.5,35.5,0,0.0,0.0,0.0,540144
2017-09-08 00:00:00+05:30,33.599998474121094,33.75,33.25,33.75,35000,0.0,0.0,0.0,540144
2017-09-11 00:00:00+05:30,33.75,33.75,33.75,33.75,0,0.0,0.0,0.0,540144
2017-09-12 00:00:00+05:30,33.75,33.75,33.75,33.75,0,0.0,0.0,0.0,540144
2017-09-13 00:00:00+05:30,33.0,33.0,33.0,33.0,2500,0.0,0.0,0.0,540144
2017-09-14 00:00:00+05:30,31.649999618530273,32.400001525878906,31.450000762939453,32.400001525878906,30000,0.0,0.0,0.0,540144
2017-09-15 00:00:00+05:30,32.04999923706055,32.04999923706055,29.0,29.649999618530273,17500,0.0,0.0,0.0,540144
2017-09-18 00:00:00+05:30,31.0,31.0,30.5,30.75,5000,0.0,0.0,0.0,540144
2017-09-19 00:00:00+05:30,31.899999618530273,31.899999618530273,31.899999618530273,31.899999618530273,2500,0.0,0.0,0.0,540144
2017-09-20 00:00:00+05:30,31.899999618530273,31.899999618530273,31.899999618530273,31.899999618530273,0,0.0,0.0,0.0,540144
2017-09-21 00:00:00+05:30,30.100000381469727,33.900001525878906,29.5,32.04999923706055,35000,0.0,0.0,0.0,540144
2017-09-22 00:00:00+05:30,31.5,31.5,30.850000381469727,30.850000381469727,10000,0.0,0.0,0.0,540144
2017-09-25 00:00:00+05:30,32.79999923706055,32.79999923706055,32.79999923706055,32.79999923706055,2500,0.0,0.0,0.0,540144
2017-09-26 00:00:00+05:30,32.79999923706055,32.79999923706055,32.79999923706055,32.79999923706055,0,0.0,0.0,0.0,540144
2017-09-27 00:00:00+05:30,32.79999923706055,32.79999923706055,32.79999923706055,32.79999923706055,0,0.0,0.0,0.0,540144
2017-09-28 00:00:00+05:30,32.79999923706055,32.79999923706055,32.79999923706055,32.79999923706055,0,0.0,0.0,0.0,540144
2017-09-29 00:00:00+05:30,30.950000762939453,31.0,30.950000762939453,31.0,10000,0.0,0.0,0.0,540144
2017-10-03 00:00:00+05:30,31.0,31.0,31.0,31.0,0,0.0,0.0,0.0,540144
2017-10-04 00:00:00+05:30,31.0,31.0,31.0,31.0,0,0.0,0.0,0.0,540144
2017-10-05 00:00:00+05:30,31.0,31.0,31.0,31.0,0,0.0,0.0,0.0,540144
2017-10-06 00:00:00+05:30,31.0,31.0,31.0,31.0,0,0.0,0.0,0.0,540144
2017-10-09 00:00:00+05:30,29.5,30.0,27.0,27.0,40000,0.0,0.0,0.0,540144
2017-10-10 00:00:00+05:30,27.0,27.200000762939453,26.75,27.200000762939453,7500,0.0,0.0,0.0,540144
2017-10-11 00:00:00+05:30,27.0,28.5,26.0,26.0,20000,0.0,0.0,0.0,540144
2017-10-12 00:00:00+05:30,27.899999618530273,27.899999618530273,27.0,27.5,32500,0.0,0.0,0.0,540144
2017-10-13 00:00:00+05:30,27.5,27.5,27.5,27.5,0,0.0,0.0,0.0,540144
2017-10-16 00:00:00+05:30,27.5,27.5,27.5,27.5,0,0.0,0.0,0.0,540144
2017-10-17 00:00:00+05:30,27.5,27.5,27.5,27.5,37500,0.0,0.0,0.0,540144
2017-10-18 00:00:00+05:30,27.5,27.5,27.5,27.5,0,0.0,0.0,0.0,540144
2017-10-19 00:00:00+05:30,28.0,29.950000762939453,26.100000381469727,26.600000381469727,17500,0.0,0.0,0.0,540144
2017-10-23 00:00:00+05:30,27.75,27.75,27.75,27.75,2500,0.0,0.0,0.0,540144
2017-10-24 00:00:00+05:30,26.049999237060547,26.049999237060547,25.5,25.899999618530273,10000,0.0,0.0,0.0,540144
2017-10-25 00:00:00+05:30,27.0,27.100000381469727,26.0,26.049999237060547,15000,0.0,0.0,0.0,540144
2017-10-26 00:00:00+05:30,26.049999237060547,26.049999237060547,26.049999237060547,26.049999237060547,0,0.0,0.0,0.0,540144
2017-10-27 00:00:00+05:30,25.5,27.299999237060547,25.5,26.5,12500,0.0,0.0,0.0,540144
2017-10-30 00:00:00+05:30,26.5,26.5,26.5,26.5,0,0.0,0.0,0.0,540144
2017-10-31 00:00:00+05:30,28.549999237060547,29.600000381469727,28.549999237060547,29.149999618530273,22500,0.0,0.0,0.0,540144
2017-11-01 00:00:00+05:30,30.0,34.95000076293945,30.0,34.95000076293945,50000,0.0,0.0,0.0,540144
2017-11-02 00:00:00+05:30,39.849998474121094,41.900001525878906,38.20000076293945,39.79999923706055,97500,0.0,0.0,0.0,540144
2017-11-03 00:00:00+05:30,40.5,41.0,39.25,39.25,42500,0.0,0.0,0.0,540144
2017-11-06 00:00:00+05:30,40.400001525878906,43.150001525878906,40.400001525878906,43.150001525878906,25000,0.0,0.0,0.0,540144
2017-11-07 00:00:00+05:30,47.400001525878906,47.45000076293945,46.900001525878906,47.099998474121094,60000,0.0,0.0,0.0,540144
2017-11-08 00:00:00+05:30,45.54999923706055,46.20000076293945,45.0,46.20000076293945,30000,0.0,0.0,0.0,540144
2017-11-09 00:00:00+05:30,45.0,46.95000076293945,42.0,42.0,30000,0.0,0.0,0.0,540144
2017-11-10 00:00:00+05:30,40.5,40.5,40.5,40.5,2500,0.0,0.0,0.0,540144
2017-11-13 00:00:00+05:30,41.5,41.5,41.0,41.0,5000,0.0,0.0,0.0,540144
2017-11-14 00:00:00+05:30,39.5,40.0,38.25,40.0,20000,0.0,0.0,0.0,540144
2017-11-15 00:00:00+05:30,40.0,40.0,40.0,40.0,5000,0.0,0.0,0.0,540144
2017-11-16 00:00:00+05:30,40.0,40.0,40.0,40.0,0,0.0,0.0,0.0,540144
2017-11-17 00:00:00+05:30,37.5,37.5,37.5,37.5,2500,0.0,0.0,0.0,540144
2017-11-20 00:00:00+05:30,41.25,41.25,41.25,41.25,2500,0.0,0.0,0.0,540144
2017-11-21 00:00:00+05:30,41.25,41.25,41.25,41.25,0,0.0,0.0,0.0,540144
2017-11-22 00:00:00+05:30,41.25,41.25,41.25,41.25,0,0.0,0.0,0.0,540144
2017-11-23 00:00:00+05:30,41.25,41.25,40.0,40.0,5000,0.0,0.0,0.0,540144
2017-11-24 00:00:00+05:30,39.150001525878906,39.150001525878906,36.650001525878906,36.650001525878906,5000,0.0,0.0,0.0,540144
2017-11-27 00:00:00+05:30,39.79999923706055,39.79999923706055,39.79999923706055,39.79999923706055,2500,0.0,0.0,0.0,540144
2017-11-28 00:00:00+05:30,39.79999923706055,41.900001525878906,39.79999923706055,41.900001525878906,12500,0.0,0.0,0.0,540144
2017-11-29 00:00:00+05:30,41.0,41.0,39.900001525878906,39.900001525878906,7500,0.0,0.0,0.0,540144
2017-11-30 00:00:00+05:30,39.900001525878906,39.900001525878906,39.900001525878906,39.900001525878906,0,0.0,0.0,0.0,540144
2017-12-01 00:00:00+05:30,39.900001525878906,39.900001525878906,39.900001525878906,39.900001525878906,0,0.0,0.0,0.0,540144
2017-12-04 00:00:00+05:30,39.900001525878906,39.900001525878906,39.900001525878906,39.900001525878906,0,0.0,0.0,0.0,540144
2017-12-05 00:00:00+05:30,36.0,36.0,36.0,36.0,2500,0.0,0.0,0.0,540144
2017-12-06 00:00:00+05:30,34.20000076293945,35.5,34.099998474121094,34.099998474121094,10000,0.0,0.0,0.0,540144
2017-12-07 00:00:00+05:30,35.599998474121094,36.0,35.599998474121094,36.0,7500,0.0,0.0,0.0,540144
2017-12-08 00:00:00+05:30,34.150001525878906,34.150001525878906,34.150001525878906,34.150001525878906,2500,0.0,0.0,0.0,540144
2017-12-11 00:00:00+05:30,34.150001525878906,34.150001525878906,34.150001525878906,34.150001525878906,0,0.0,0.0,0.0,540144
2017-12-12 00:00:00+05:30,34.150001525878906,34.150001525878906,34.150001525878906,34.150001525878906,0,0.0,0.0,0.0,540144
2017-12-13 00:00:00+05:30,34.0,34.0,34.0,34.0,2500,0.0,0.0,0.0,540144
2017-12-14 00:00:00+05:30,34.0,34.0,34.0,34.0,0,0.0,0.0,0.0,540144
2017-12-15 00:00:00+05:30,34.0,34.0,34.0,34.0,0,0.0,0.0,0.0,540144
2017-12-18 00:00:00+05:30,34.5,34.5,34.5,34.5,2500,0.0,0.0,0.0,540144
2017-12-19 00:00:00+05:30,34.5,34.5,34.5,34.5,0,0.0,0.0,0.0,540144
2017-12-20 00:00:00+05:30,35.900001525878906,37.5,35.900001525878906,37.5,25000,0.0,0.0,0.0,540144
2017-12-21 00:00:00+05:30,35.79999923706055,37.75,35.79999923706055,37.75,10000,0.0,0.0,0.0,540144
2017-12-22 00:00:00+05:30,37.75,37.75,37.75,37.75,0,0.0,0.0,0.0,540144
2017-12-26 00:00:00+05:30,38.5,41.0,38.5,40.95000076293945,22500,0.0,0.0,0.0,540144
2017-12-27 00:00:00+05:30,38.599998474121094,38.599998474121094,38.599998474121094,38.599998474121094,2500,0.0,0.0,0.0,540144
2017-12-28 00:00:00+05:30,38.599998474121094,38.599998474121094,38.599998474121094,38.599998474121094,0,0.0,0.0,0.0,540144
2017-12-29 00:00:00+05:30,38.599998474121094,38.599998474121094,38.599998474121094,38.599998474121094,0,0.0,0.0,0.0,540144
2018-01-01 00:00:00+05:30,38.29999923706055,38.29999923706055,35.95000076293945,36.150001525878906,12500,0.0,0.0,0.0,540144
2018-01-02 00:00:00+05:30,36.150001525878906,36.150001525878906,36.0,36.0,5000,0.0,0.0,0.0,540144
2018-01-03 00:00:00+05:30,37.5,37.5,37.5,37.5,2500,0.0,0.0,0.0,540144
2018-01-04 00:00:00+05:30,37.5,37.5,37.5,37.5,0,0.0,0.0,0.0,540144
2018-01-05 00:00:00+05:30,36.900001525878906,37.0,36.900001525878906,37.0,15000,0.0,0.0,0.0,540144
2018-01-08 00:00:00+05:30,37.0,37.0,37.0,37.0,0,0.0,0.0,0.0,540144
2018-01-09 00:00:00+05:30,37.849998474121094,39.0,37.099998474121094,37.099998474121094,30000,0.0,0.0,0.0,540144
2018-01-10 00:00:00+05:30,40.0,40.0,39.0,39.0,12500,0.0,0.0,0.0,540144
2018-01-11 00:00:00+05:30,41.0,41.70000076293945,40.0,41.349998474121094,17500,0.0,0.0,0.0,540144
2018-01-12 00:00:00+05:30,39.20000076293945,39.20000076293945,39.20000076293945,39.20000076293945,5000,0.0,0.0,0.0,540144
2018-01-15 00:00:00+05:30,37.20000076293945,40.0,37.20000076293945,40.0,20000,0.0,0.0,0.0,540144
2018-01-16 00:00:00+05:30,39.0,39.0,38.25,38.25,5000,0.0,0.0,0.0,540144
2018-01-17 00:00:00+05:30,38.25,38.25,38.25,38.25,0,0.0,0.0,0.0,540144
2018-01-18 00:00:00+05:30,40.0,40.0,37.20000076293945,37.20000076293945,7500,0.0,0.0,0.0,540144
2018-01-19 00:00:00+05:30,35.099998474121094,37.0,35.04999923706055,36.5,10000,0.0,0.0,0.0,540144
2018-01-22 00:00:00+05:30,35.099998474121094,36.0,35.0,36.0,17500,0.0,0.0,0.0,540144
2018-01-23 00:00:00+05:30,36.0,37.5,36.0,37.5,5000,0.0,0.0,0.0,540144
2018-01-24 00:00:00+05:30,37.400001525878906,39.54999923706055,37.400001525878906,38.0,22500,0.0,0.0,0.0,540144
2018-01-25 00:00:00+05:30,37.0,37.0,36.45000076293945,36.75,5000,0.0,0.0,0.0,540144
2018-01-29 00:00:00+05:30,36.75,36.75,36.75,36.75,0,0.0,0.0,0.0,540144
2018-01-30 00:00:00+05:30,37.95000076293945,37.95000076293945,35.29999923706055,37.900001525878906,25000,0.0,0.0,0.0,540144
2018-01-31 00:00:00+05:30,37.900001525878906,37.900001525878906,37.900001525878906,37.900001525878906,0,0.0,0.0,0.0,540144
2018-02-01 00:00:00+05:30,37.900001525878906,37.900001525878906,37.900001525878906,37.900001525878906,0,0.0,0.0,0.0,540144
2018-02-02 00:00:00+05:30,35.0,35.0,35.0,35.0,5000,0.0,0.0,0.0,540144
2018-02-05 00:00:00+05:30,35.0,35.0,35.0,35.0,5000,0.0,0.0,0.0,540144
2018-02-06 00:00:00+05:30,35.0,35.0,35.0,35.0,0,0.0,0.0,0.0,540144
2018-02-07 00:00:00+05:30,35.0,35.0,35.0,35.0,0,0.0,0.0,0.0,540144
2018-02-08 00:00:00+05:30,35.0,35.0,35.0,35.0,0,0.0,0.0,0.0,540144
2018-02-09 00:00:00+05:30,32.79999923706055,34.0,32.79999923706055,34.0,5000,0.0,0.0,0.0,540144
2018-02-12 00:00:00+05:30,34.0,34.0,34.0,34.0,0,0.0,0.0,0.0,540144
2018-02-14 00:00:00+05:30,34.0,34.0,34.0,34.0,0,0.0,0.0,0.0,540144
2018-02-15 00:00:00+05:30,34.0,34.0,34.0,34.0,0,0.0,0.0,0.0,540144
2018-02-16 00:00:00+05:30,33.25,33.25,33.25,33.25,15000,0.0,0.0,0.0,540144
2018-02-19 00:00:00+05:30,33.099998474121094,33.099998474121094,30.0,30.0,5000,0.0,0.0,0.0,540144
2018-02-20 00:00:00+05:30,31.5,31.5,31.5,31.5,2500,0.0,0.0,0.0,540144
2018-02-21 00:00:00+05:30,31.100000381469727,31.100000381469727,30.200000762939453,30.200000762939453,5000,0.0,0.0,0.0,540144
2018-02-22 00:00:00+05:30,30.200000762939453,30.200000762939453,30.200000762939453,30.200000762939453,0,0.0,0.0,0.0,540144
2018-02-23 00:00:00+05:30,31.25,33.0,31.25,33.0,15000,0.0,0.0,0.0,540144
2018-02-26 00:00:00+05:30,31.0,31.0,31.0,31.0,5000,0.0,0.0,0.0,540144
2018-02-27 00:00:00+05:30,30.149999618530273,30.149999618530273,30.0,30.0,30000,0.0,0.0,0.0,540144
2018-02-28 00:00:00+05:30,30.0,30.0,30.0,30.0,27500,0.0,0.0,0.0,540144
2018-03-01 00:00:00+05:30,30.0,30.0,30.0,30.0,0,0.0,0.0,0.0,540144
2018-03-05 00:00:00+05:30,28.75,28.75,28.75,28.75,2500,0.0,0.0,0.0,540144
2018-03-06 00:00:00+05:30,28.75,28.75,28.75,28.75,0,0.0,0.0,0.0,540144
2018-03-07 00:00:00+05:30,28.75,28.75,28.75,28.75,0,0.0,0.0,0.0,540144
2018-03-08 00:00:00+05:30,28.5,28.5,27.5,27.5,5000,0.0,0.0,0.0,540144
2018-03-09 00:00:00+05:30,29.450000762939453,29.450000762939453,27.549999237060547,27.549999237060547,15000,0.0,0.0,0.0,540144
2018-03-12 00:00:00+05:30,29.5,31.950000762939453,29.5,31.950000762939453,5000,0.0,0.0,0.0,540144
2018-03-13 00:00:00+05:30,31.25,33.25,31.25,33.25,15000,0.0,0.0,0.0,540144
2018-03-14 00:00:00+05:30,33.25,33.25,33.25,33.25,0,0.0,0.0,0.0,540144
2018-03-15 00:00:00+05:30,31.0,31.0,31.0,31.0,2500,0.0,0.0,0.0,540144
2018-03-16 00:00:00+05:30,31.0,31.0,31.0,31.0,0,0.0,0.0,0.0,540144
2018-03-19 00:00:00+05:30,30.350000381469727,30.350000381469727,25.700000762939453,28.0,15000,0.0,0.0,0.0,540144
2018-03-20 00:00:00+05:30,28.950000762939453,28.950000762939453,26.100000381469727,26.200000762939453,22500,0.0,0.0,0.0,540144
2018-03-21 00:00:00+05:30,27.5,27.5,27.5,27.5,2500,0.0,0.0,0.0,540144
2018-03-22 00:00:00+05:30,27.5,27.5,27.5,27.5,0,0.0,0.0,0.0,540144
2018-03-23 00:00:00+05:30,27.049999237060547,32.400001525878906,27.049999237060547,28.0,82500,0.0,0.0,0.0,540144
2018-03-26 00:00:00+05:30,29.0,29.0,27.0,27.25,20000,0.0,0.0,0.0,540144
2018-03-27 00:00:00+05:30,25.799999237060547,25.799999237060547,25.700000762939453,25.75,5000,0.0,0.0,0.0,540144
2018-03-28 00:00:00+05:30,25.049999237060547,26.899999618530273,25.0,26.899999618530273,12500,0.0,0.0,0.0,540144
2018-04-02 00:00:00+05:30,26.899999618530273,26.899999618530273,26.899999618530273,26.899999618530273,0,0.0,0.0,0.0,540144
2018-04-03 00:00:00+05:30,27.950000762939453,27.950000762939453,27.950000762939453,27.950000762939453,2500,0.0,0.0,0.0,540144
2018-04-04 00:00:00+05:30,27.950000762939453,27.950000762939453,27.950000762939453,27.950000762939453,0,0.0,0.0,0.0,540144
2018-04-05 00:00:00+05:30,28.25,30.0,28.25,30.0,7500,0.0,0.0,0.0,540144
2018-04-06 00:00:00+05:30,30.0,30.0,30.0,30.0,0,0.0,0.0,0.0,540144
2018-04-09 00:00:00+05:30,28.799999237060547,28.799999237060547,28.799999237060547,28.799999237060547,2500,0.0,0.0,0.0,540144
2018-04-10 00:00:00+05:30,28.799999237060547,28.799999237060547,28.799999237060547,28.799999237060547,0,0.0,0.0,0.0,540144
2018-04-11 00:00:00+05:30,28.799999237060547,28.799999237060547,28.799999237060547,28.799999237060547,0,0.0,0.0,0.0,540144
2018-04-12 00:00:00+05:30,28.799999237060547,28.799999237060547,28.799999237060547,28.799999237060547,0,0.0,0.0,0.0,540144
2018-04-13 00:00:00+05:30,28.799999237060547,28.799999237060547,28.799999237060547,28.799999237060547,0,0.0,0.0,0.0,540144
2018-04-16 00:00:00+05:30,28.799999237060547,28.799999237060547,28.799999237060547,28.799999237060547,0,0.0,0.0,0.0,540144
2018-04-17 00:00:00+05:30,28.799999237060547,28.799999237060547,28.799999237060547,28.799999237060547,0,0.0,0.0,0.0,540144
2018-04-18 00:00:00+05:30,28.799999237060547,28.799999237060547,28.799999237060547,28.799999237060547,0,0.0,0.0,0.0,540144
2018-04-19 00:00:00+05:30,29.0,29.0,29.0,29.0,7500,0.0,0.0,0.0,540144
2018-04-20 00:00:00+05:30,29.0,29.0,29.0,29.0,0,0.0,0.0,0.0,540144
2018-04-23 00:00:00+05:30,29.0,29.0,29.0,29.0,0,0.0,0.0,0.0,540144
2018-04-24 00:00:00+05:30,29.0,29.0,29.0,29.0,0,0.0,0.0,0.0,540144
2018-04-25 00:00:00+05:30,27.200000762939453,27.200000762939453,27.200000762939453,27.200000762939453,2500,0.0,0.0,0.0,540144
2018-04-26 00:00:00+05:30,27.200000762939453,27.200000762939453,27.200000762939453,27.200000762939453,0,0.0,0.0,0.0,540144
2018-04-27 00:00:00+05:30,28.5,28.5,28.5,28.5,15000,0.0,0.0,0.0,540144
2018-04-30 00:00:00+05:30,28.0,28.700000762939453,28.0,28.700000762939453,20000,0.0,0.0,0.0,540144
2018-05-02 00:00:00+05:30,28.700000762939453,28.700000762939453,28.700000762939453,28.700000762939453,0,0.0,0.0,0.0,540144
2018-05-03 00:00:00+05:30,28.5,28.5,27.5,27.549999237060547,7500,0.0,0.0,0.0,540144
2018-05-04 00:00:00+05:30,27.549999237060547,27.549999237060547,27.549999237060547,27.549999237060547,0,0.0,0.0,0.0,540144
2018-05-07 00:00:00+05:30,27.549999237060547,27.549999237060547,27.549999237060547,27.549999237060547,0,0.0,0.0,0.0,540144
2018-05-08 00:00:00+05:30,25.950000762939453,28.450000762939453,25.950000762939453,28.0,25000,0.0,0.0,0.0,540144
2018-05-09 00:00:00+05:30,28.399999618530273,28.450000762939453,28.399999618530273,28.399999618530273,12500,0.0,0.0,0.0,540144
2018-05-10 00:00:00+05:30,28.5,28.5,27.350000381469727,27.350000381469727,5000,0.0,0.0,0.0,540144
2018-05-11 00:00:00+05:30,27.350000381469727,27.350000381469727,27.350000381469727,27.350000381469727,2500,0.0,0.0,0.0,540144
2018-05-14 00:00:00+05:30,25.950000762939453,25.950000762939453,25.950000762939453,25.950000762939453,2500,0.0,0.0,0.0,540144
2018-05-15 00:00:00+05:30,25.950000762939453,25.950000762939453,25.950000762939453,25.950000762939453,0,0.0,0.0,0.0,540144
2018-05-16 00:00:00+05:30,25.950000762939453,25.950000762939453,25.950000762939453,25.950000762939453,0,0.0,0.0,0.0,540144
2018-05-17 00:00:00+05:30,24.600000381469727,24.600000381469727,24.600000381469727,24.600000381469727,2500,0.0,0.0,0.0,540144
2018-05-18 00:00:00+05:30,25.399999618530273,25.399999618530273,24.600000381469727,24.600000381469727,5000,0.0,0.0,0.0,540144
2018-05-21 00:00:00+05:30,24.0,24.0,23.0,23.0,7500,0.0,0.0,0.0,540144
2018-05-22 00:00:00+05:30,23.0,23.0,23.0,23.0,0,0.0,0.0,0.0,540144
2018-05-23 00:00:00+05:30,23.0,23.0,23.0,23.0,0,0.0,0.0,0.0,540144
2018-05-24 00:00:00+05:30,23.0,23.0,23.0,23.0,0,0.0,0.0,0.0,540144
2018-05-25 00:00:00+05:30,22.299999237060547,23.049999237060547,22.299999237060547,23.0,22500,0.0,0.0,0.0,540144
2018-05-28 00:00:00+05:30,23.0,23.0,23.0,23.0,0,0.0,0.0,0.0,540144
2018-05-29 00:00:00+05:30,23.0,23.0,23.0,23.0,0,0.0,0.0,0.0,540144
2018-05-30 00:00:00+05:30,22.5,23.5,22.200000762939453,22.200000762939453,7500,0.0,0.0,0.0,540144
2018-05-31 00:00:00+05:30,23.25,23.25,22.799999237060547,22.799999237060547,5000,0.0,0.0,0.0,540144
2018-06-01 00:00:00+05:30,22.799999237060547,22.799999237060547,22.799999237060547,22.799999237060547,0,0.0,0.0,0.0,540144
2018-06-04 00:00:00+05:30,22.5,22.600000381469727,22.5,22.600000381469727,5000,0.0,0.0,0.0,540144
2018-06-05 00:00:00+05:30,20.950000762939453,20.950000762939453,20.950000762939453,20.950000762939453,2500,0.0,0.0,0.0,540144
2018-06-06 00:00:00+05:30,21.25,22.5,21.25,22.5,7500,0.0,0.0,0.0,540144
2018-06-07 00:00:00+05:30,23.5,23.5,23.5,23.5,2500,0.0,0.0,0.0,540144
2018-06-08 00:00:00+05:30,23.049999237060547,23.049999237060547,23.0,23.049999237060547,5000,0.0,0.0,0.0,540144
2018-06-11 00:00:00+05:30,23.049999237060547,23.049999237060547,23.049999237060547,23.049999237060547,0,0.0,0.0,0.0,540144
2018-06-12 00:00:00+05:30,23.049999237060547,23.049999237060547,23.049999237060547,23.049999237060547,0,0.0,0.0,0.0,540144
2018-06-13 00:00:00+05:30,23.049999237060547,23.049999237060547,23.049999237060547,23.049999237060547,0,0.0,0.0,0.0,540144
2018-06-14 00:00:00+05:30,23.049999237060547,23.049999237060547,23.049999237060547,23.049999237060547,0,0.0,0.0,0.0,540144
2018-06-15 00:00:00+05:30,23.049999237060547,23.049999237060547,23.049999237060547,23.049999237060547,0,0.0,0.0,0.0,540144
2018-06-18 00:00:00+05:30,23.0,23.0,23.0,23.0,2500,0.0,0.0,0.0,540144
2018-06-19 00:00:00+05:30,21.700000762939453,21.700000762939453,20.100000381469727,20.100000381469727,7500,0.0,0.0,0.0,540144
2018-06-20 00:00:00+05:30,20.5,20.799999237060547,20.049999237060547,20.799999237060547,10000,0.0,0.0,0.0,540144
2018-06-21 00:00:00+05:30,20.799999237060547,20.799999237060547,20.799999237060547,20.799999237060547,0,0.0,0.0,0.0,540144
2018-06-22 00:00:00+05:30,20.799999237060547,20.799999237060547,20.799999237060547,20.799999237060547,0,0.0,0.0,0.0,540144
2018-06-25 00:00:00+05:30,20.049999237060547,20.049999237060547,20.049999237060547,20.049999237060547,2500,0.0,0.0,0.0,540144
2018-06-26 00:00:00+05:30,20.049999237060547,20.049999237060547,20.049999237060547,20.049999237060547,0,0.0,0.0,0.0,540144
2018-06-27 00:00:00+05:30,18.950000762939453,19.0,17.850000381469727,17.850000381469727,10000,0.0,0.0,0.0,540144
2018-06-28 00:00:00+05:30,19.399999618530273,19.399999618530273,19.399999618530273,19.399999618530273,2500,0.0,0.0,0.0,540144
2018-06-29 00:00:00+05:30,20.25,20.25,20.25,20.25,2500,0.0,0.0,0.0,540144
2018-07-02 00:00:00+05:30,20.5,20.5,20.5,20.5,2500,0.0,0.0,0.0,540144
2018-07-03 00:00:00+05:30,19.5,19.5,19.5,19.5,2500,0.0,0.0,0.0,540144
2018-07-04 00:00:00+05:30,18.799999237060547,18.799999237060547,18.799999237060547,18.799999237060547,2500,0.0,0.0,0.0,540144
2018-07-05 00:00:00+05:30,18.799999237060547,18.799999237060547,18.799999237060547,18.799999237060547,0,0.0,0.0,0.0,540144
2018-07-06 00:00:00+05:30,19.0,19.75,19.0,19.75,5000,0.0,0.0,0.0,540144
2018-07-09 00:00:00+05:30,19.0,19.0,19.0,19.0,15000,0.0,0.0,0.0,540144
2018-07-10 00:00:00+05:30,19.0,19.0,19.0,19.0,0,0.0,0.0,0.0,540144
2018-07-11 00:00:00+05:30,19.0,19.0,19.0,19.0,0,0.0,0.0,0.0,540144
2018-07-12 00:00:00+05:30,19.0,19.0,19.0,19.0,0,0.0,0.0,0.0,540144
2018-07-13 00:00:00+05:30,19.0,19.0,19.0,19.0,0,0.0,0.0,0.0,540144
2018-07-16 00:00:00+05:30,19.600000381469727,19.899999618530273,19.600000381469727,19.899999618530273,7500,0.0,0.0,0.0,540144
2018-07-17 00:00:00+05:30,18.799999237060547,18.799999237060547,18.700000762939453,18.700000762939453,5000,0.0,0.0,0.0,540144
2018-07-18 00:00:00+05:30,17.799999237060547,18.299999237060547,17.100000381469727,18.299999237060547,15000,0.0,0.0,0.0,540144
2018-07-19 00:00:00+05:30,17.049999237060547,17.049999237060547,17.0,17.0,5000,0.0,0.0,0.0,540144
2018-07-20 00:00:00+05:30,17.0,17.0,17.0,17.0,0,0.0,0.0,0.0,540144
2018-07-23 00:00:00+05:30,17.0,17.0,17.0,17.0,2500,0.0,0.0,0.0,540144
2018-07-24 00:00:00+05:30,17.0,17.0,17.0,17.0,0,0.0,0.0,0.0,540144
2018-07-25 00:00:00+05:30,17.5,17.75,17.0,17.0,20000,0.0,0.0,0.0,540144
2018-07-26 00:00:00+05:30,17.0,17.0,17.0,17.0,0,0.0,0.0,0.0,540144
2018-07-27 00:00:00+05:30,18.299999237060547,18.299999237060547,18.299999237060547,18.299999237060547,2500,0.0,0.0,0.0,540144
2018-07-30 00:00:00+05:30,18.299999237060547,18.299999237060547,18.299999237060547,18.299999237060547,0,0.0,0.0,0.0,540144
2018-07-31 00:00:00+05:30,18.299999237060547,18.299999237060547,18.299999237060547,18.299999237060547,0,0.0,0.0,0.0,540144
2018-08-01 00:00:00+05:30,18.299999237060547,18.299999237060547,18.299999237060547,18.299999237060547,0,0.0,0.0,0.0,540144
2018-08-02 00:00:00+05:30,18.950000762939453,18.950000762939453,18.950000762939453,18.950000762939453,2500,0.0,0.0,0.0,540144
2018-08-03 00:00:00+05:30,19.25,19.25,16.75,18.0,52500,0.0,0.0,0.0,540144
2018-08-06 00:00:00+05:30,18.0,18.0,18.0,18.0,0,0.0,0.0,0.0,540144
2018-08-07 00:00:00+05:30,18.0,18.0,18.0,18.0,0,0.0,0.0,0.0,540144
2018-08-08 00:00:00+05:30,17.600000381469727,18.799999237060547,17.600000381469727,18.799999237060547,5000,0.0,0.0,0.0,540144
2018-08-09 00:00:00+05:30,19.0,19.0,19.0,19.0,2500,0.0,0.0,0.0,540144
2018-08-10 00:00:00+05:30,18.25,18.25,18.25,18.25,2500,0.0,0.0,0.0,540144
2018-08-13 00:00:00+05:30,19.0,19.0,17.399999618530273,17.399999618530273,12500,0.0,0.0,0.0,540144
2018-08-14 00:00:00+05:30,18.0,18.0,18.0,18.0,2500,0.0,0.0,0.0,540144
2018-08-16 00:00:00+05:30,18.0,18.0,18.0,18.0,0,0.0,0.0,0.0,540144
2018-08-17 00:00:00+05:30,18.799999237060547,18.799999237060547,18.799999237060547,18.799999237060547,2500,0.0,0.0,0.0,540144
2018-08-20 00:00:00+05:30,18.5,18.5,17.0,17.350000381469727,17500,0.0,0.0,0.0,540144
2018-08-21 00:00:00+05:30,17.049999237060547,17.5,16.799999237060547,17.25,40000,0.0,0.0,0.0,540144
2018-08-23 00:00:00+05:30,17.049999237060547,17.25,17.0,17.149999618530273,10000,0.0,0.0,0.0,540144
2018-08-24 00:00:00+05:30,17.100000381469727,17.100000381469727,16.5,16.5,10000,0.0,0.0,0.0,540144
2018-08-27 00:00:00+05:30,17.5,17.5,17.0,17.0,5000,0.0,0.0,0.0,540144
2018-08-28 00:00:00+05:30,17.0,17.0,17.0,17.0,5000,0.0,0.0,0.0,540144
2018-08-29 00:00:00+05:30,16.5,16.5,16.049999237060547,16.100000381469727,10000,0.0,0.0,0.0,540144
2018-08-30 00:00:00+05:30,16.0,16.0,16.0,16.0,5000,0.0,0.0,0.0,540144
2018-08-31 00:00:00+05:30,16.5,16.5,16.0,16.25,7500,0.0,0.0,0.0,540144
2018-09-03 00:00:00+05:30,15.949999809265137,15.949999809265137,15.949999809265137,15.949999809265137,5000,0.0,0.0,0.0,540144
2018-09-04 00:00:00+05:30,15.75,15.75,15.75,15.75,2500,0.0,0.0,0.0,540144
2018-09-05 00:00:00+05:30,15.25,15.5,15.050000190734863,15.5,15000,0.0,0.0,0.0,540144
2018-09-06 00:00:00+05:30,15.5,15.5,15.5,15.5,0,0.0,0.0,0.0,540144
2018-09-07 00:00:00+05:30,16.5,18.600000381469727,16.5,18.600000381469727,27500,0.0,0.0,0.0,540144
2018-09-10 00:00:00+05:30,19.0,19.0,17.600000381469727,17.600000381469727,7500,0.0,0.0,0.0,540144
2018-09-11 00:00:00+05:30,18.0,18.0,17.149999618530273,18.0,7500,0.0,0.0,0.0,540144
2018-09-12 00:00:00+05:30,17.75,18.5,17.049999237060547,17.049999237060547,12500,0.0,0.0,0.0,540144
2018-09-14 00:00:00+05:30,17.049999237060547,17.049999237060547,17.049999237060547,17.049999237060547,0,0.0,0.0,0.0,540144
2018-09-17 00:00:00+05:30,17.0,20.399999618530273,17.0,19.0,40000,0.0,0.0,0.0,540144
2018-09-18 00:00:00+05:30,19.149999618530273,19.149999618530273,19.149999618530273,19.149999618530273,2500,0.0,0.0,0.0,540144
2018-09-19 00:00:00+05:30,19.149999618530273,19.149999618530273,19.149999618530273,19.149999618530273,0,0.0,0.0,0.0,540144
2018-09-21 00:00:00+05:30,19.149999618530273,19.149999618530273,19.149999618530273,19.149999618530273,0,0.0,0.0,0.0,540144
2018-09-24 00:00:00+05:30,18.049999237060547,18.049999237060547,16.950000762939453,16.950000762939453,5000,0.0,0.0,0.0,540144
2018-09-25 00:00:00+05:30,16.950000762939453,16.950000762939453,16.950000762939453,16.950000762939453,0,0.0,0.0,0.0,540144
2018-09-26 00:00:00+05:30,16.299999237060547,16.799999237060547,16.299999237060547,16.799999237060547,5000,0.0,0.0,0.0,540144
2018-09-27 00:00:00+05:30,16.299999237060547,16.299999237060547,16.299999237060547,16.299999237060547,2500,0.0,0.0,0.0,540144
2018-09-28 00:00:00+05:30,15.300000190734863,15.300000190734863,14.550000190734863,14.550000190734863,12500,0.0,0.0,0.0,540144
2018-10-01 00:00:00+05:30,14.300000190734863,14.600000381469727,13.199999809265137,13.399999618530273,47500,0.0,0.0,0.0,540144
2018-10-03 00:00:00+05:30,13.699999809265137,14.0,13.5,13.5,15000,0.0,0.0,0.0,540144
2018-10-04 00:00:00+05:30,13.699999809265137,13.699999809265137,13.699999809265137,13.699999809265137,2500,0.0,0.0,0.0,540144
2018-10-05 00:00:00+05:30,14.300000190734863,14.300000190734863,13.0,13.0,10000,0.0,0.0,0.0,540144
2018-10-08 00:00:00+05:30,13.0,13.0,13.0,13.0,5000,0.0,0.0,0.0,540144
2018-10-09 00:00:00+05:30,12.5,13.0,12.0,12.300000190734863,30000,0.0,0.0,0.0,540144
2018-10-10 00:00:00+05:30,13.0,13.5,13.0,13.5,25000,0.0,0.0,0.0,540144
2018-10-11 00:00:00+05:30,13.5,13.5,13.5,13.5,0,0.0,0.0,0.0,540144
2018-10-12 00:00:00+05:30,13.5,13.5,13.5,13.5,0,0.0,0.0,0.0,540144
2018-10-15 00:00:00+05:30,13.5,13.5,13.5,13.5,0,0.0,0.0,0.0,540144
2018-10-16 00:00:00+05:30,14.0,14.0,14.0,14.0,5000,0.0,0.0,0.0,540144
2018-10-17 00:00:00+05:30,14.0,14.0,14.0,14.0,2500,0.0,0.0,0.0,540144
2018-10-19 00:00:00+05:30,14.0,14.0,14.0,14.0,0,0.0,0.0,0.0,540144
2018-10-22 00:00:00+05:30,13.0,13.0,13.0,13.0,2500,0.0,0.0,0.0,540144
2018-10-23 00:00:00+05:30,13.0,13.0,13.0,13.0,0,0.0,0.0,0.0,540144
2018-10-24 00:00:00+05:30,13.0,13.0,13.0,13.0,0,0.0,0.0,0.0,540144
2018-10-25 00:00:00+05:30,13.0,13.0,13.0,13.0,0,0.0,0.0,0.0,540144
2018-10-26 00:00:00+05:30,13.0,13.0,13.0,13.0,0,0.0,0.0,0.0,540144
2018-10-29 00:00:00+05:30,13.0,13.0,13.0,13.0,0,0.0,0.0,0.0,540144
2018-10-30 00:00:00+05:30,12.199999809265137,12.199999809265137,12.199999809265137,12.199999809265137,2500,0.0,0.0,0.0,540144
2018-10-31 00:00:00+05:30,12.199999809265137,12.199999809265137,12.199999809265137,12.199999809265137,0,0.0,0.0,0.0,540144
2018-11-01 00:00:00+05:30,12.800000190734863,14.640000343322754,12.800000190734863,14.630000114440918,22500,0.0,0.0,0.0,540144
2018-11-02 00:00:00+05:30,14.600000381469727,14.640000343322754,13.350000381469727,14.579999923706055,45000,0.0,0.0,0.0,540144
2018-11-05 00:00:00+05:30,14.579999923706055,14.579999923706055,14.579999923706055,14.579999923706055,0,0.0,0.0,0.0,540144
2018-11-06 00:00:00+05:30,13.300000190734863,13.600000381469727,13.300000190734863,13.600000381469727,5000,0.0,0.0,0.0,540144
2018-11-07 00:00:00+05:30,13.600000381469727,13.600000381469727,13.600000381469727,13.600000381469727,0,0.0,0.0,0.0,540144
2018-11-09 00:00:00+05:30,14.600000381469727,14.600000381469727,14.600000381469727,14.600000381469727,2500,0.0,0.0,0.0,540144
2018-11-12 00:00:00+05:30,14.600000381469727,14.600000381469727,14.600000381469727,14.600000381469727,0,0.0,0.0,0.0,540144
2018-11-13 00:00:00+05:30,14.0,14.0,14.0,14.0,2500,0.0,0.0,0.0,540144
2018-11-14 00:00:00+05:30,14.0,14.0,14.0,14.0,0,0.0,0.0,0.0,540144
2018-11-15 00:00:00+05:30,14.0,14.0,14.0,14.0,0,0.0,0.0,0.0,540144
2018-11-16 00:00:00+05:30,14.0,14.0,14.0,14.0,0,0.0,0.0,0.0,540144
2018-11-19 00:00:00+05:30,14.0,14.0,14.0,14.0,0,0.0,0.0,0.0,540144
2018-11-20 00:00:00+05:30,14.0,14.0,14.0,14.0,0,0.0,0.0,0.0,540144
2018-11-21 00:00:00+05:30,14.0,14.0,14.0,14.0,0,0.0,0.0,0.0,540144
2018-11-22 00:00:00+05:30,14.0,14.0,14.0,14.0,0,0.0,0.0,0.0,540144
2018-11-26 00:00:00+05:30,14.0,14.0,14.0,14.0,0,0.0,0.0,0.0,540144
2018-11-27 00:00:00+05:30,14.0,14.0,14.0,14.0,2500,0.0,0.0,0.0,540144
2018-11-28 00:00:00+05:30,14.0,14.0,14.0,14.0,0,0.0,0.0,0.0,540144
2018-11-29 00:00:00+05:30,14.0,14.449999809265137,14.0,14.449999809265137,17500,0.0,0.0,0.0,540144
2018-11-30 00:00:00+05:30,14.0,14.0,14.0,14.0,2500,0.0,0.0,0.0,540144
2018-12-03 00:00:00+05:30,14.600000381469727,14.600000381469727,14.0,14.0,5000,0.0,0.0,0.0,540144
2018-12-04 00:00:00+05:30,14.0,14.0,14.0,14.0,0,0.0,0.0,0.0,540144
2018-12-05 00:00:00+05:30,14.0,14.0,14.0,14.0,5000,0.0,0.0,0.0,540144
2018-12-06 00:00:00+05:30,14.0,14.5,14.0,14.5,5000,0.0,0.0,0.0,540144
2018-12-07 00:00:00+05:30,14.5,14.5,14.5,14.5,0,0.0,0.0,0.0,540144
2018-12-10 00:00:00+05:30,14.5,14.5,14.5,14.5,0,0.0,0.0,0.0,540144
2018-12-11 00:00:00+05:30,14.5,14.5,14.5,14.5,0,0.0,0.0,0.0,540144
2018-12-12 00:00:00+05:30,14.0,14.0,14.0,14.0,2500,0.0,0.0,0.0,540144
2018-12-13 00:00:00+05:30,14.0,14.0,14.0,14.0,0,0.0,0.0,0.0,540144
2018-12-14 00:00:00+05:30,14.0,14.0,14.0,14.0,0,0.0,0.0,0.0,540144
2018-12-17 00:00:00+05:30,14.0,14.0,14.0,14.0,0,0.0,0.0,0.0,540144
2018-12-18 00:00:00+05:30,14.25,14.25,14.25,14.25,2500,0.0,0.0,0.0,540144
2018-12-19 00:00:00+05:30,14.449999809265137,14.539999961853027,13.510000228881836,13.819999694824219,12500,0.0,0.0,0.0,540144
2018-12-20 00:00:00+05:30,13.819999694824219,13.819999694824219,13.819999694824219,13.819999694824219,0,0.0,0.0,0.0,540144
2018-12-21 00:00:00+05:30,13.819999694824219,13.819999694824219,13.819999694824219,13.819999694824219,0,0.0,0.0,0.0,540144
2018-12-24 00:00:00+05:30,13.819999694824219,13.819999694824219,13.819999694824219,13.819999694824219,0,0.0,0.0,0.0,540144
2018-12-26 00:00:00+05:30,13.819999694824219,13.819999694824219,13.819999694824219,13.819999694824219,0,0.0,0.0,0.0,540144
2018-12-27 00:00:00+05:30,13.819999694824219,13.819999694824219,13.819999694824219,13.819999694824219,0,0.0,0.0,0.0,540144
2018-12-28 00:00:00+05:30,13.819999694824219,13.819999694824219,13.819999694824219,13.819999694824219,0,0.0,0.0,0.0,540144
2018-12-31 00:00:00+05:30,13.819999694824219,13.819999694824219,13.819999694824219,13.819999694824219,0,0.0,0.0,0.0,540144
2019-01-01 00:00:00+05:30,13.5,14.5,13.5,14.5,10000,0.0,0.0,0.0,540144
2019-01-02 00:00:00+05:30,14.5,14.5,14.5,14.5,0,0.0,0.0,0.0,540144
2019-01-03 00:00:00+05:30,14.5,14.5,14.5,14.5,0,0.0,0.0,0.0,540144
2019-01-04 00:00:00+05:30,14.5,14.5,14.5,14.5,0,0.0,0.0,0.0,540144
2019-01-07 00:00:00+05:30,13.199999809265137,14.399999618530273,13.199999809265137,14.399999618530273,7500,0.0,0.0,0.0,540144
2019-01-08 00:00:00+05:30,14.0,14.0,14.0,14.0,5000,0.0,0.0,0.0,540144
2019-01-09 00:00:00+05:30,14.0,14.0,14.0,14.0,10000,0.0,0.0,0.0,540144
2019-01-10 00:00:00+05:30,14.0,14.0,13.850000381469727,13.850000381469727,12500,0.0,0.0,0.0,540144
2019-01-11 00:00:00+05:30,14.0,14.0,14.0,14.0,12500,0.0,0.0,0.0,540144
2019-01-14 00:00:00+05:30,14.0,14.0,14.0,14.0,2500,0.0,0.0,0.0,540144
2019-01-15 00:00:00+05:30,14.0,14.0,14.0,14.0,0,0.0,0.0,0.0,540144
2019-01-16 00:00:00+05:30,14.0,14.0,14.0,14.0,5000,0.0,0.0,0.0,540144
2019-01-17 00:00:00+05:30,14.0,14.0,14.0,14.0,2500,0.0,0.0,0.0,540144
2019-01-18 00:00:00+05:30,14.0,14.0,14.0,14.0,0,0.0,0.0,0.0,540144
2019-01-21 00:00:00+05:30,13.850000381469727,13.850000381469727,13.699999809265137,13.699999809265137,7500,0.0,0.0,0.0,540144
2019-01-22 00:00:00+05:30,13.699999809265137,13.699999809265137,13.699999809265137,13.699999809265137,0,0.0,0.0,0.0,540144
2019-01-23 00:00:00+05:30,13.699999809265137,13.699999809265137,13.699999809265137,13.699999809265137,0,0.0,0.0,0.0,540144
2019-01-24 00:00:00+05:30,13.699999809265137,13.699999809265137,13.699999809265137,13.699999809265137,0,0.0,0.0,0.0,540144
2019-01-25 00:00:00+05:30,13.699999809265137,13.699999809265137,13.699999809265137,13.699999809265137,0,0.0,0.0,0.0,540144
2019-01-28 00:00:00+05:30,12.949999809265137,12.949999809265137,12.020000457763672,12.15999984741211,15000,0.0,0.0,0.0,540144
2019-01-29 00:00:00+05:30,12.15999984741211,12.15999984741211,12.15999984741211,12.15999984741211,0,0.0,0.0,0.0,540144
2019-01-30 00:00:00+05:30,13.180000305175781,13.180000305175781,13.180000305175781,13.180000305175781,2500,0.0,0.0,0.0,540144
2019-01-31 00:00:00+05:30,13.180000305175781,13.180000305175781,13.180000305175781,13.180000305175781,0,0.0,0.0,0.0,540144
2019-02-01 00:00:00+05:30,13.180000305175781,13.180000305175781,13.180000305175781,13.180000305175781,0,0.0,0.0,0.0,540144
2019-02-04 00:00:00+05:30,13.180000305175781,13.180000305175781,13.180000305175781,13.180000305175781,0,0.0,0.0,0.0,540144
2019-02-05 00:00:00+05:30,12.850000381469727,13.0,10.869999885559082,10.869999885559082,12500,0.0,0.0,0.0,540144
2019-02-06 00:00:00+05:30,10.869999885559082,10.869999885559082,10.869999885559082,10.869999885559082,0,0.0,0.0,0.0,540144
2019-02-07 00:00:00+05:30,10.869999885559082,10.869999885559082,10.869999885559082,10.869999885559082,0,0.0,0.0,0.0,540144
2019-02-08 00:00:00+05:30,10.869999885559082,10.869999885559082,10.869999885559082,10.869999885559082,0,0.0,0.0,0.0,540144
2019-02-11 00:00:00+05:30,11.010000228881836,11.010000228881836,11.010000228881836,11.010000228881836,5000,0.0,0.0,0.0,540144
2019-02-12 00:00:00+05:30,11.010000228881836,11.010000228881836,11.010000228881836,11.010000228881836,0,0.0,0.0,0.0,540144
2019-02-14 00:00:00+05:30,11.899999618530273,11.899999618530273,11.899999618530273,11.899999618530273,2500,0.0,0.0,0.0,540144
2019-02-15 00:00:00+05:30,11.899999618530273,11.899999618530273,11.899999618530273,11.899999618530273,0,0.0,0.0,0.0,540144
2019-02-18 00:00:00+05:30,11.899999618530273,11.899999618530273,11.899999618530273,11.899999618530273,0,0.0,0.0,0.0,540144
2019-02-19 00:00:00+05:30,11.0,11.0,10.850000381469727,10.850000381469727,5000,0.0,0.0,0.0,540144
2019-02-20 00:00:00+05:30,11.050000190734863,11.050000190734863,11.050000190734863,11.050000190734863,2500,0.0,0.0,0.0,540144
2019-02-21 00:00:00+05:30,11.5,11.5,11.0,11.0,5000,0.0,0.0,0.0,540144
2019-02-22 00:00:00+05:30,11.0,11.0,11.0,11.0,0,0.0,0.0,0.0,540144
2019-02-25 00:00:00+05:30,11.0,11.0,11.0,11.0,0,0.0,0.0,0.0,540144
2019-02-26 00:00:00+05:30,11.0,11.0,11.0,11.0,0,0.0,0.0,0.0,540144
2019-02-27 00:00:00+05:30,10.600000381469727,11.0,10.600000381469727,11.0,5000,0.0,0.0,0.0,540144
2019-02-28 00:00:00+05:30,11.600000381469727,12.050000190734863,11.600000381469727,12.050000190734863,5000,0.0,0.0,0.0,540144
2019-03-01 00:00:00+05:30,12.5,12.5,12.5,12.5,2500,0.0,0.0,0.0,540144
2019-03-05 00:00:00+05:30,12.5,12.5,12.5,12.5,0,0.0,0.0,0.0,540144
2019-03-06 00:00:00+05:30,12.5,12.5,12.5,12.5,0,0.0,0.0,0.0,540144
2019-03-07 00:00:00+05:30,12.5,12.5,12.5,12.5,0,0.0,0.0,0.0,540144
2019-03-08 00:00:00+05:30,12.5,12.5,12.5,12.5,0,0.0,0.0,0.0,540144
2019-03-11 00:00:00+05:30,12.5,12.5,12.5,12.5,0,0.0,0.0,0.0,540144
2019-03-12 00:00:00+05:30,12.899999618530273,12.899999618530273,12.899999618530273,12.899999618530273,2500,0.0,0.0,0.0,540144
2019-03-13 00:00:00+05:30,12.899999618530273,12.899999618530273,12.899999618530273,12.899999618530273,0,0.0,0.0,0.0,540144
2019-03-14 00:00:00+05:30,12.899999618530273,12.899999618530273,12.899999618530273,12.899999618530273,0,0.0,0.0,0.0,540144
2019-03-15 00:00:00+05:30,12.899999618530273,12.899999618530273,12.899999618530273,12.899999618530273,0,0.0,0.0,0.0,540144
2019-03-18 00:00:00+05:30,12.899999618530273,12.899999618530273,12.899999618530273,12.899999618530273,0,0.0,0.0,0.0,540144
2019-03-19 00:00:00+05:30,11.949999809265137,14.699999809265137,11.899999618530273,13.0,25000,0.0,0.0,0.0,540144
2019-03-20 00:00:00+05:30,13.0,13.0,13.0,13.0,2500,0.0,0.0,0.0,540144
2019-03-22 00:00:00+05:30,13.0,13.0,13.0,13.0,2500,0.0,0.0,0.0,540144
2019-03-25 00:00:00+05:30,13.0,13.0,13.0,13.0,2500,0.0,0.0,0.0,540144
2019-03-26 00:00:00+05:30,12.5,12.5,12.5,12.5,20000,0.0,0.0,0.0,540144
2019-03-27 00:00:00+05:30,12.5,12.5,12.5,12.5,0,0.0,0.0,0.0,540144
2019-03-28 00:00:00+05:30,12.5,12.5,12.5,12.5,0,0.0,0.0,0.0,540144
2019-04-01 00:00:00+05:30,11.399999618530273,11.399999618530273,11.399999618530273,11.399999618530273,2500,0.0,0.0,0.0,540144
2019-04-02 00:00:00+05:30,11.399999618530273,11.399999618530273,11.399999618530273,11.399999618530273,0,0.0,0.0,0.0,540144
2019-04-03 00:00:00+05:30,11.899999618530273,11.899999618530273,11.899999618530273,11.899999618530273,2500,0.0,0.0,0.0,540144
2019-04-04 00:00:00+05:30,11.899999618530273,11.899999618530273,11.899999618530273,11.899999618530273,0,0.0,0.0,0.0,540144
2019-04-05 00:00:00+05:30,11.899999618530273,11.899999618530273,11.899999618530273,11.899999618530273,0,0.0,0.0,0.0,540144
2019-04-08 00:00:00+05:30,11.899999618530273,11.899999618530273,11.899999618530273,11.899999618530273,0,0.0,0.0,0.0,540144
2019-04-09 00:00:00+05:30,12.0,12.0,12.0,12.0,2500,0.0,0.0,0.0,540144
2019-04-10 00:00:00+05:30,12.0,12.0,12.0,12.0,0,0.0,0.0,0.0,540144
2019-04-11 00:00:00+05:30,12.5,12.5,12.5,12.5,2500,0.0,0.0,0.0,540144
2019-04-12 00:00:00+05:30,12.5,12.5,12.5,12.5,0,0.0,0.0,0.0,540144
2019-04-15 00:00:00+05:30,12.5,12.5,12.5,12.5,0,0.0,0.0,0.0,540144
2019-04-16 00:00:00+05:30,12.5,12.5,12.5,12.5,0,0.0,0.0,0.0,540144
2019-04-18 00:00:00+05:30,12.5,12.5,12.5,12.5,0,0.0,0.0,0.0,540144
2019-04-22 00:00:00+05:30,12.5,12.5,12.5,12.5,0,0.0,0.0,0.0,540144
2019-04-23 00:00:00+05:30,12.5,12.5,12.5,12.5,0,0.0,0.0,0.0,540144
2019-04-24 00:00:00+05:30,12.5,12.5,12.5,12.5,0,0.0,0.0,0.0,540144
2019-04-25 00:00:00+05:30,11.899999618530273,12.399999618530273,11.300000190734863,11.300000190734863,10000,0.0,0.0,0.0,540144
2019-04-26 00:00:00+05:30,10.75,10.75,10.75,10.75,2500,0.0,0.0,0.0,540144
2019-04-30 00:00:00+05:30,10.75,10.75,10.75,10.75,0,0.0,0.0,0.0,540144
2019-05-02 00:00:00+05:30,10.75,10.75,10.75,10.75,0,0.0,0.0,0.0,540144
2019-05-03 00:00:00+05:30,10.75,10.75,10.75,10.75,0,0.0,0.0,0.0,540144
2019-05-06 00:00:00+05:30,10.600000381469727,11.0,10.600000381469727,11.0,5000,0.0,0.0,0.0,540144
2019-05-07 00:00:00+05:30,11.0,11.0,11.0,11.0,0,0.0,0.0,0.0,540144
2019-05-08 00:00:00+05:30,11.0,11.0,11.0,11.0,0,0.0,0.0,0.0,540144
2019-05-09 00:00:00+05:30,10.5600004196167,10.5600004196167,10.550000190734863,10.550000190734863,5000,0.0,0.0,0.0,540144
2019-05-10 00:00:00+05:30,10.550000190734863,10.550000190734863,10.550000190734863,10.550000190734863,0,0.0,0.0,0.0,540144
2019-05-13 00:00:00+05:30,10.550000190734863,10.550000190734863,10.550000190734863,10.550000190734863,0,0.0,0.0,0.0,540144
2019-05-14 00:00:00+05:30,10.550000190734863,10.550000190734863,10.550000190734863,10.550000190734863,0,0.0,0.0,0.0,540144
2019-05-15 00:00:00+05:30,11.600000381469727,12.65999984741211,11.600000381469727,12.65999984741211,10000,0.0,0.0,0.0,540144
2019-05-16 00:00:00+05:30,12.65999984741211,14.6899995803833,12.65999984741211,14.050000190734863,25000,0.0,0.0,0.0,540144
2019-05-17 00:00:00+05:30,14.050000190734863,14.050000190734863,14.050000190734863,14.050000190734863,0,0.0,0.0,0.0,540144
2019-05-20 00:00:00+05:30,14.300000190734863,14.300000190734863,14.300000190734863,14.300000190734863,5000,0.0,0.0,0.0,540144
2019-05-21 00:00:00+05:30,14.0,14.0,14.0,14.0,2500,0.0,0.0,0.0,540144
2019-05-22 00:00:00+05:30,13.199999809265137,13.199999809265137,13.199999809265137,13.199999809265137,2500,0.0,0.0,0.0,540144
2019-05-23 00:00:00+05:30,13.199999809265137,13.199999809265137,13.199999809265137,13.199999809265137,0,0.0,0.0,0.0,540144
2019-05-24 00:00:00+05:30,13.199999809265137,13.199999809265137,13.199999809265137,13.199999809265137,0,0.0,0.0,0.0,540144
2019-05-27 00:00:00+05:30,13.199999809265137,13.199999809265137,13.199999809265137,13.199999809265137,0,0.0,0.0,0.0,540144
2019-05-28 00:00:00+05:30,13.199999809265137,13.199999809265137,13.199999809265137,13.199999809265137,0,0.0,0.0,0.0,540144
2019-05-29 00:00:00+05:30,13.199999809265137,13.199999809265137,13.199999809265137,13.199999809265137,0,0.0,0.0,0.0,540144
2019-05-30 00:00:00+05:30,13.199999809265137,13.199999809265137,13.199999809265137,13.199999809265137,0,0.0,0.0,0.0,540144
2019-05-31 00:00:00+05:30,13.199999809265137,13.699999809265137,13.199999809265137,13.699999809265137,7500,0.0,0.0,0.0,540144
2019-06-03 00:00:00+05:30,13.109999656677246,13.109999656677246,12.399999618530273,12.399999618530273,5000,0.0,0.0,0.0,540144
2019-06-04 00:00:00+05:30,12.399999618530273,12.399999618530273,12.399999618530273,12.399999618530273,0,0.0,0.0,0.0,540144
2019-06-06 00:00:00+05:30,12.899999618530273,12.899999618530273,12.300000190734863,12.300000190734863,5000,0.0,0.0,0.0,540144
2019-06-07 00:00:00+05:30,12.300000190734863,12.300000190734863,12.300000190734863,12.300000190734863,0,0.0,0.0,0.0,540144
2019-06-10 00:00:00+05:30,13.0,13.0,13.0,13.0,2500,0.0,0.0,0.0,540144
2019-06-11 00:00:00+05:30,12.5,12.5,12.5,12.5,2500,0.0,0.0,0.0,540144
2019-06-12 00:00:00+05:30,12.5,12.5,12.5,12.5,0,0.0,0.0,0.0,540144
2019-06-13 00:00:00+05:30,12.5,12.5,12.5,12.5,0,0.0,0.0,0.0,540144
2019-06-14 00:00:00+05:30,12.5,12.5,12.5,12.5,0,0.0,0.0,0.0,540144
2019-06-17 00:00:00+05:30,12.5,12.5,12.5,12.5,0,0.0,0.0,0.0,540144
2019-06-18 00:00:00+05:30,12.5,12.5,12.5,12.5,0,0.0,0.0,0.0,540144
2019-06-19 00:00:00+05:30,12.5,12.5,12.5,12.5,0,0.0,0.0,0.0,540144
2019-06-20 00:00:00+05:30,12.5,12.5,12.5,12.5,0,0.0,0.0,0.0,540144
2019-06-21 00:00:00+05:30,12.5,12.5,12.5,12.5,0,0.0,0.0,0.0,540144
2019-06-24 00:00:00+05:30,12.5,12.5,12.5,12.5,0,0.0,0.0,0.0,540144
2019-06-25 00:00:00+05:30,12.5,12.5,12.5,12.5,0,0.0,0.0,0.0,540144
2019-06-26 00:00:00+05:30,13.0,14.949999809265137,13.0,14.0,15000,0.0,0.0,0.0,540144
2019-06-27 00:00:00+05:30,14.0,14.0,14.0,14.0,0,0.0,0.0,0.0,540144
2019-06-28 00:00:00+05:30,14.0,14.0,14.0,14.0,0,0.0,0.0,0.0,540144
2019-07-01 00:00:00+05:30,14.0,14.0,14.0,14.0,0,0.0,0.0,0.0,540144
2019-07-02 00:00:00+05:30,14.0,14.0,14.0,14.0,0,0.0,0.0,0.0,540144
2019-07-03 00:00:00+05:30,13.199999809265137,13.199999809265137,13.199999809265137,13.199999809265137,2500,0.0,0.0,0.0,540144
2019-07-04 00:00:00+05:30,13.199999809265137,13.199999809265137,13.199999809265137,13.199999809265137,0,0.0,0.0,0.0,540144
2019-07-05 00:00:00+05:30,13.199999809265137,13.199999809265137,13.199999809265137,13.199999809265137,0,0.0,0.0,0.0,540144
2019-07-08 00:00:00+05:30,13.199999809265137,13.199999809265137,13.199999809265137,13.199999809265137,0,0.0,0.0,0.0,540144
2019-07-09 00:00:00+05:30,13.199999809265137,13.199999809265137,13.199999809265137,13.199999809265137,0,0.0,0.0,0.0,540144
2019-07-10 00:00:00+05:30,12.75,12.75,12.75,12.75,2500,0.0,0.0,0.0,540144
2019-07-11 00:00:00+05:30,12.75,12.75,12.75,12.75,0,0.0,0.0,0.0,540144
2019-07-12 00:00:00+05:30,12.75,12.75,12.75,12.75,0,0.0,0.0,0.0,540144
2019-07-15 00:00:00+05:30,12.75,12.75,12.75,12.75,0,0.0,0.0,0.0,540144
2019-07-16 00:00:00+05:30,12.149999618530273,12.149999618530273,12.149999618530273,12.149999618530273,2500,0.0,0.0,0.0,540144
2019-07-17 00:00:00+05:30,12.149999618530273,12.149999618530273,12.149999618530273,12.149999618530273,0,0.0,0.0,0.0,540144
2019-07-18 00:00:00+05:30,12.149999618530273,12.149999618530273,12.149999618530273,12.149999618530273,0,0.0,0.0,0.0,540144
2019-07-19 00:00:00+05:30,11.5,11.5,11.5,11.5,5000,0.0,0.0,0.0,540144
2019-07-22 00:00:00+05:30,11.6899995803833,11.6899995803833,11.6899995803833,11.6899995803833,2500,0.0,0.0,0.0,540144
2019-07-23 00:00:00+05:30,11.300000190734863,11.300000190734863,11.300000190734863,11.300000190734863,2500,0.0,0.0,0.0,540144
2019-07-24 00:00:00+05:30,11.350000381469727,11.350000381469727,11.350000381469727,11.350000381469727,2500,0.0,0.0,0.0,540144
2019-07-25 00:00:00+05:30,11.350000381469727,11.350000381469727,11.350000381469727,11.350000381469727,0,0.0,0.0,0.0,540144
2019-07-26 00:00:00+05:30,11.300000190734863,11.600000381469727,11.300000190734863,11.600000381469727,5000,0.0,0.0,0.0,540144
2019-07-29 00:00:00+05:30,11.600000381469727,11.600000381469727,11.600000381469727,11.600000381469727,0,0.0,0.0,0.0,540144
2019-07-30 00:00:00+05:30,11.600000381469727,11.600000381469727,11.600000381469727,11.600000381469727,0,0.0,0.0,0.0,540144
2019-07-31 00:00:00+05:30,10.399999618530273,10.600000381469727,10.399999618530273,10.600000381469727,5000,0.0,0.0,0.0,540144
2019-08-01 00:00:00+05:30,10.600000381469727,10.600000381469727,10.600000381469727,10.600000381469727,0,0.0,0.0,0.0,540144
2019-08-02 00:00:00+05:30,10.069999694824219,10.069999694824219,10.069999694824219,10.069999694824219,2500,0.0,0.0,0.0,540144
2019-08-05 00:00:00+05:30,10.069999694824219,10.069999694824219,10.069999694824219,10.069999694824219,0,0.0,0.0,0.0,540144
2019-08-06 00:00:00+05:30,10.069999694824219,10.069999694824219,10.069999694824219,10.069999694824219,0,0.0,0.0,0.0,540144
2019-08-07 00:00:00+05:30,10.069999694824219,10.069999694824219,10.069999694824219,10.069999694824219,0,0.0,0.0,0.0,540144
2019-08-08 00:00:00+05:30,10.069999694824219,10.069999694824219,10.069999694824219,10.069999694824219,0,0.0,0.0,0.0,540144
2019-08-09 00:00:00+05:30,10.010000228881836,10.010000228881836,10.0,10.0,5000,0.0,0.0,0.0,540144
2019-08-13 00:00:00+05:30,10.079999923706055,10.199999809265137,10.020000457763672,10.199999809265137,10000,0.0,0.0,0.0,540144
2019-08-14 00:00:00+05:30,10.199999809265137,10.199999809265137,10.199999809265137,10.199999809265137,0,0.0,0.0,0.0,540144
2019-08-16 00:00:00+05:30,10.199999809265137,10.199999809265137,10.199999809265137,10.199999809265137,0,0.0,0.0,0.0,540144
2019-08-19 00:00:00+05:30,10.199999809265137,10.199999809265137,10.199999809265137,10.199999809265137,0,0.0,0.0,0.0,540144
2019-08-20 00:00:00+05:30,9.850000381469727,9.850000381469727,9.300000190734863,9.600000381469727,10000,0.0,0.0,0.0,540144
2019-08-21 00:00:00+05:30,9.550000190734863,9.550000190734863,9.550000190734863,9.550000190734863,2500,0.0,0.0,0.0,540144
2019-08-22 00:00:00+05:30,9.550000190734863,9.550000190734863,9.550000190734863,9.550000190734863,0,0.0,0.0,0.0,540144
2019-08-23 00:00:00+05:30,9.550000190734863,9.550000190734863,9.550000190734863,9.550000190734863,0,0.0,0.0,0.0,540144
2019-08-26 00:00:00+05:30,9.800000190734863,9.800000190734863,9.800000190734863,9.800000190734863,2500,0.0,0.0,0.0,540144
2019-08-27 00:00:00+05:30,9.5,9.5,9.399999618530273,9.449999809265137,5000,0.0,0.0,0.0,540144
2019-08-28 00:00:00+05:30,9.800000190734863,9.800000190734863,9.800000190734863,9.800000190734863,2500,0.0,0.0,0.0,540144
2019-08-29 00:00:00+05:30,9.3100004196167,9.3100004196167,9.300000190734863,9.300000190734863,5000,0.0,0.0,0.0,540144
2019-08-30 00:00:00+05:30,9.800000190734863,9.800000190734863,9.800000190734863,9.800000190734863,2500,0.0,0.0,0.0,540144
2019-09-03 00:00:00+05:30,9.800000190734863,9.800000190734863,9.800000190734863,9.800000190734863,0,0.0,0.0,0.0,540144
2019-09-04 00:00:00+05:30,9.800000190734863,9.800000190734863,9.800000190734863,9.800000190734863,0,0.0,0.0,0.0,540144
2019-09-05 00:00:00+05:30,9.800000190734863,9.800000190734863,9.800000190734863,9.800000190734863,0,0.0,0.0,0.0,540144
2019-09-06 00:00:00+05:30,9.800000190734863,9.800000190734863,9.800000190734863,9.800000190734863,0,0.0,0.0,0.0,540144
2019-09-09 00:00:00+05:30,9.800000190734863,9.800000190734863,9.800000190734863,9.800000190734863,0,0.0,0.0,0.0,540144
2019-09-11 00:00:00+05:30,10.300000190734863,10.979999542236328,10.300000190734863,10.979999542236328,5000,0.0,0.0,0.0,540144
2019-09-12 00:00:00+05:30,10.979999542236328,10.979999542236328,10.979999542236328,10.979999542236328,0,0.0,0.0,0.0,540144
2019-09-13 00:00:00+05:30,10.979999542236328,10.979999542236328,10.979999542236328,10.979999542236328,0,0.0,0.0,0.0,540144
2019-09-16 00:00:00+05:30,10.979999542236328,10.979999542236328,10.979999542236328,10.979999542236328,0,0.0,0.0,0.0,540144
2019-09-17 00:00:00+05:30,10.979999542236328,10.979999542236328,10.979999542236328,10.979999542236328,0,0.0,0.0,0.0,540144
2019-09-18 00:00:00+05:30,10.979999542236328,10.979999542236328,10.979999542236328,10.979999542236328,0,0.0,0.0,0.0,540144
2019-09-19 00:00:00+05:30,10.979999542236328,10.979999542236328,10.979999542236328,10.979999542236328,0,0.0,0.0,0.0,540144
2019-09-20 00:00:00+05:30,10.979999542236328,10.979999542236328,10.979999542236328,10.979999542236328,0,0.0,0.0,0.0,540144
2019-09-23 00:00:00+05:30,10.979999542236328,10.979999542236328,10.979999542236328,10.979999542236328,0,0.0,0.0,0.0,540144
2019-09-24 00:00:00+05:30,10.979999542236328,10.979999542236328,10.979999542236328,10.979999542236328,0,0.0,0.0,0.0,540144
2019-09-25 00:00:00+05:30,10.979999542236328,10.979999542236328,10.979999542236328,10.979999542236328,0,0.0,0.0,0.0,540144
2019-09-26 00:00:00+05:30,11.399999618530273,12.600000381469727,11.399999618530273,12.039999961853027,12500,0.0,0.0,0.0,540144
2019-09-27 00:00:00+05:30,12.039999961853027,12.039999961853027,12.039999961853027,12.039999961853027,0,0.0,0.0,0.0,540144
2019-09-30 00:00:00+05:30,12.600000381469727,12.600000381469727,10.850000381469727,11.0,35000,0.0,0.0,0.0,540144
2019-10-01 00:00:00+05:30,10.850000381469727,10.850000381469727,10.850000381469727,10.850000381469727,7500,0.0,0.0,0.0,540144
2019-10-03 00:00:00+05:30,10.850000381469727,10.850000381469727,10.850000381469727,10.850000381469727,0,0.0,0.0,0.0,540144
2019-10-04 00:00:00+05:30,10.199999809265137,10.800000190734863,10.199999809265137,10.529999732971191,10000,0.0,0.0,0.0,540144
2019-10-07 00:00:00+05:30,10.199999809265137,10.600000381469727,10.0,10.0,10000,0.0,0.0,0.0,540144
2019-10-09 00:00:00+05:30,9.399999618530273,9.399999618530273,8.3100004196167,9.300000190734863,32500,0.0,0.0,0.0,540144
2019-10-10 00:00:00+05:30,8.75,8.800000190734863,7.610000133514404,8.15999984741211,25000,0.0,0.0,0.0,540144
2019-10-11 00:00:00+05:30,9.779999732971191,9.779999732971191,9.779999732971191,9.779999732971191,2500,0.0,0.0,0.0,540144
2019-10-14 00:00:00+05:30,9.779999732971191,9.779999732971191,9.779999732971191,9.779999732971191,0,0.0,0.0,0.0,540144
2019-10-15 00:00:00+05:30,9.569999694824219,9.569999694824219,9.5600004196167,9.5600004196167,7500,0.0,0.0,0.0,540144
2019-10-16 00:00:00+05:30,9.800000190734863,9.800000190734863,9.5600004196167,9.5600004196167,5000,0.0,0.0,0.0,540144
2019-10-17 00:00:00+05:30,10.0,10.0,10.0,10.0,2500,0.0,0.0,0.0,540144
2019-10-18 00:00:00+05:30,10.0,10.0,10.0,10.0,0,0.0,0.0,0.0,540144
2019-10-22 00:00:00+05:30,9.5600004196167,9.5600004196167,9.09000015258789,9.199999809265137,7500,0.0,0.0,0.0,540144
2019-10-23 00:00:00+05:30,8.800000190734863,8.800000190734863,8.649999618530273,8.729999542236328,5000,0.0,0.0,0.0,540144
2019-10-24 00:00:00+05:30,8.800000190734863,8.800000190734863,8.449999809265137,8.479999542236328,7500,0.0,0.0,0.0,540144
2019-10-25 00:00:00+05:30,8.449999809265137,8.800000190734863,8.449999809265137,8.800000190734863,5000,0.0,0.0,0.0,540144
2019-10-29 00:00:00+05:30,8.800000190734863,8.800000190734863,8.5,8.5,7500,0.0,0.0,0.0,540144
2019-10-30 00:00:00+05:30,8.800000190734863,8.800000190734863,8.800000190734863,8.800000190734863,2500,0.0,0.0,0.0,540144
2019-10-31 00:00:00+05:30,8.800000190734863,8.800000190734863,8.800000190734863,8.800000190734863,0,0.0,0.0,0.0,540144
2019-11-01 00:00:00+05:30,8.800000190734863,8.800000190734863,8.800000190734863,8.800000190734863,0,0.0,0.0,0.0,540144
2019-11-04 00:00:00+05:30,9.300000190734863,9.300000190734863,9.0,9.0,5000,0.0,0.0,0.0,540144
2019-11-05 00:00:00+05:30,8.920000076293945,8.920000076293945,8.920000076293945,8.920000076293945,2500,0.0,0.0,0.0,540144
2019-11-06 00:00:00+05:30,9.300000190734863,9.75,9.300000190734863,9.75,5000,0.0,0.0,0.0,540144
2019-11-07 00:00:00+05:30,9.75,9.75,9.75,9.75,0,0.0,0.0,0.0,540144
2019-11-08 00:00:00+05:30,9.75,9.75,9.75,9.75,0,0.0,0.0,0.0,540144
2019-11-11 00:00:00+05:30,9.75,9.75,9.75,9.75,0,0.0,0.0,0.0,540144
2019-11-13 00:00:00+05:30,9.75,9.75,9.75,9.75,0,0.0,0.0,0.0,540144
2019-11-14 00:00:00+05:30,9.75,9.75,9.75,9.75,0,0.0,0.0,0.0,540144
2019-11-15 00:00:00+05:30,9.800000190734863,10.0,9.800000190734863,10.0,7500,0.0,0.0,0.0,540144
2019-11-18 00:00:00+05:30,10.0,10.0,10.0,10.0,0,0.0,0.0,0.0,540144
2019-11-19 00:00:00+05:30,9.449999809265137,9.649999618530273,9.449999809265137,9.649999618530273,5000,0.0,0.0,0.0,540144
2019-11-20 00:00:00+05:30,9.649999618530273,9.649999618530273,9.649999618530273,9.649999618530273,0,0.0,0.0,0.0,540144
2019-11-21 00:00:00+05:30,9.649999618530273,9.649999618530273,9.649999618530273,9.649999618530273,0,0.0,0.0,0.0,540144
2019-11-22 00:00:00+05:30,9.649999618530273,9.649999618530273,9.649999618530273,9.649999618530273,0,0.0,0.0,0.0,540144
2019-11-25 00:00:00+05:30,9.649999618530273,9.649999618530273,9.649999618530273,9.649999618530273,0,0.0,0.0,0.0,540144
2019-11-26 00:00:00+05:30,9.649999618530273,9.649999618530273,9.649999618530273,9.649999618530273,0,0.0,0.0,0.0,540144
2019-11-27 00:00:00+05:30,9.649999618530273,9.649999618530273,9.649999618530273,9.649999618530273,0,0.0,0.0,0.0,540144
2019-11-28 00:00:00+05:30,9.649999618530273,9.649999618530273,9.649999618530273,9.649999618530273,0,0.0,0.0,0.0,540144
2019-11-29 00:00:00+05:30,9.649999618530273,9.649999618530273,9.649999618530273,9.649999618530273,0,0.0,0.0,0.0,540144
2019-12-02 00:00:00+05:30,9.649999618530273,9.649999618530273,9.649999618530273,9.649999618530273,0,0.0,0.0,0.0,540144
2019-12-03 00:00:00+05:30,9.649999618530273,9.649999618530273,9.649999618530273,9.649999618530273,0,0.0,0.0,0.0,540144
2019-12-04 00:00:00+05:30,9.649999618530273,9.649999618530273,9.649999618530273,9.649999618530273,0,0.0,0.0,0.0,540144
2019-12-05 00:00:00+05:30,9.770000457763672,9.770000457763672,9.0,9.0,5000,0.0,0.0,0.0,540144
2019-12-06 00:00:00+05:30,9.380000114440918,9.380000114440918,9.380000114440918,9.380000114440918,2500,0.0,0.0,0.0,540144
2019-12-09 00:00:00+05:30,8.920000076293945,8.920000076293945,7.559999942779541,7.900000095367432,10000,0.0,0.0,0.0,540144
2019-12-10 00:00:00+05:30,7.900000095367432,7.900000095367432,7.900000095367432,7.900000095367432,0,0.0,0.0,0.0,540144
2019-12-11 00:00:00+05:30,8.470000267028809,8.470000267028809,8.470000267028809,8.470000267028809,2500,0.0,0.0,0.0,540144
2019-12-12 00:00:00+05:30,8.470000267028809,8.470000267028809,8.470000267028809,8.470000267028809,0,0.0,0.0,0.0,540144
2019-12-13 00:00:00+05:30,8.470000267028809,8.470000267028809,8.470000267028809,8.470000267028809,0,0.0,0.0,0.0,540144
2019-12-16 00:00:00+05:30,8.010000228881836,8.010000228881836,8.010000228881836,8.010000228881836,2500,0.0,0.0,0.0,540144
2019-12-17 00:00:00+05:30,8.010000228881836,8.010000228881836,8.010000228881836,8.010000228881836,0,0.0,0.0,0.0,540144
2019-12-18 00:00:00+05:30,8.300000190734863,8.800000190734863,8.300000190734863,8.800000190734863,5000,0.0,0.0,0.0,540144
2019-12-19 00:00:00+05:30,8.800000190734863,8.800000190734863,8.800000190734863,8.800000190734863,0,0.0,0.0,0.0,540144
2019-12-20 00:00:00+05:30,8.800000190734863,8.800000190734863,8.800000190734863,8.800000190734863,0,0.0,0.0,0.0,540144
2019-12-23 00:00:00+05:30,8.800000190734863,8.800000190734863,8.800000190734863,8.800000190734863,0,0.0,0.0,0.0,540144
2019-12-24 00:00:00+05:30,8.800000190734863,8.800000190734863,8.800000190734863,8.800000190734863,0,0.0,0.0,0.0,540144
2019-12-26 00:00:00+05:30,9.199999809265137,9.600000381469727,9.199999809265137,9.600000381469727,5000,0.0,0.0,0.0,540144
2019-12-27 00:00:00+05:30,9.600000381469727,9.600000381469727,9.600000381469727,9.600000381469727,0,0.0,0.0,0.0,540144
2019-12-30 00:00:00+05:30,9.600000381469727,9.600000381469727,9.600000381469727,9.600000381469727,0,0.0,0.0,0.0,540144
2019-12-31 00:00:00+05:30,9.600000381469727,9.600000381469727,9.600000381469727,9.600000381469727,0,0.0,0.0,0.0,540144
2020-01-01 00:00:00+05:30,9.600000381469727,9.600000381469727,9.600000381469727,9.600000381469727,0,0.0,0.0,0.0,540144
2020-01-02 00:00:00+05:30,9.600000381469727,9.989999771118164,9.600000381469727,9.989999771118164,5000,0.0,0.0,0.0,540144
2020-01-03 00:00:00+05:30,10.0,10.0,10.0,10.0,5000,0.0,0.0,0.0,540144
2020-01-06 00:00:00+05:30,10.0,10.0,10.0,10.0,10000,0.0,0.0,0.0,540144
2020-01-07 00:00:00+05:30,10.0,10.0,10.0,10.0,0,0.0,0.0,0.0,540144
2020-01-08 00:00:00+05:30,9.75,9.75,9.75,9.75,5000,0.0,0.0,0.0,540144
2020-01-09 00:00:00+05:30,9.75,9.75,9.75,9.75,0,0.0,0.0,0.0,540144
2020-01-10 00:00:00+05:30,9.75,9.75,9.75,9.75,0,0.0,0.0,0.0,540144
2020-01-13 00:00:00+05:30,9.75,9.75,9.75,9.75,0,0.0,0.0,0.0,540144
2020-01-14 00:00:00+05:30,8.449999809265137,9.210000038146973,8.399999618530273,9.210000038146973,50000,0.0,0.0,0.0,540144
2020-01-15 00:00:00+05:30,9.979999542236328,9.989999771118164,9.350000381469727,9.350000381469727,47500,0.0,0.0,0.0,540144
2020-01-16 00:00:00+05:30,9.979999542236328,9.989999771118164,8.800000190734863,9.989999771118164,10000,0.0,0.0,0.0,540144
2020-01-17 00:00:00+05:30,9.989999771118164,9.989999771118164,9.989999771118164,9.989999771118164,0,0.0,0.0,0.0,540144
2020-01-20 00:00:00+05:30,9.989999771118164,9.989999771118164,9.989999771118164,9.989999771118164,0,0.0,0.0,0.0,540144
2020-01-21 00:00:00+05:30,9.989999771118164,9.989999771118164,9.989999771118164,9.989999771118164,0,0.0,0.0,0.0,540144
2020-01-22 00:00:00+05:30,8.600000381469727,9.699999809265137,8.600000381469727,9.699999809265137,52500,0.0,0.0,0.0,540144
2020-01-23 00:00:00+05:30,10.100000381469727,10.199999809265137,9.800000190734863,9.800000190734863,55000,0.0,0.0,0.0,540144
2020-01-24 00:00:00+05:30,9.800000190734863,9.800000190734863,9.800000190734863,9.800000190734863,0,0.0,0.0,0.0,540144
2020-01-27 00:00:00+05:30,9.800000190734863,9.800000190734863,9.800000190734863,9.800000190734863,0,0.0,0.0,0.0,540144
2020-01-28 00:00:00+05:30,9.800000190734863,9.800000190734863,9.800000190734863,9.800000190734863,0,0.0,0.0,0.0,540144
2020-01-29 00:00:00+05:30,9.800000190734863,9.800000190734863,9.800000190734863,9.800000190734863,0,0.0,0.0,0.0,540144
2020-01-30 00:00:00+05:30,9.800000190734863,9.800000190734863,9.800000190734863,9.800000190734863,0,0.0,0.0,0.0,540144
2020-01-31 00:00:00+05:30,9.270000457763672,10.489999771118164,9.260000228881836,10.25,157500,0.0,0.0,0.0,540144
2020-02-03 00:00:00+05:30,11.25,11.399999618530273,9.800000190734863,10.399999618530273,70000,0.0,0.0,0.0,540144
2020-02-04 00:00:00+05:30,10.399999618530273,10.399999618530273,10.399999618530273,10.399999618530273,0,0.0,0.0,0.0,540144
2020-02-05 00:00:00+05:30,9.300000190734863,10.899999618530273,9.279999732971191,10.579999923706055,70000,0.0,0.0,0.0,540144
2020-02-06 00:00:00+05:30,11.0,11.5,10.960000038146973,11.5,40000,0.0,0.0,0.0,540144
2020-02-07 00:00:00+05:30,11.5,11.5,11.5,11.5,0,0.0,0.0,0.0,540144
2020-02-10 00:00:00+05:30,11.5,11.5,11.5,11.5,0,0.0,0.0,0.0,540144
2020-02-11 00:00:00+05:30,11.5,11.5,11.5,11.5,0,0.0,0.0,0.0,540144
2020-02-12 00:00:00+05:30,11.5,11.5,11.5,11.5,0,0.0,0.0,0.0,540144
2020-02-13 00:00:00+05:30,9.699999809265137,9.899999618530273,9.699999809265137,9.899999618530273,52500,0.0,0.0,0.0,540144
2020-02-14 00:00:00+05:30,11.100000381469727,11.100000381469727,10.550000190734863,10.550000190734863,47500,0.0,0.0,0.0,540144
2020-02-17 00:00:00+05:30,10.550000190734863,10.550000190734863,10.550000190734863,10.550000190734863,0,0.0,0.0,0.0,540144
2020-02-18 00:00:00+05:30,9.619999885559082,10.699999809265137,9.600000381469727,10.699999809265137,67500,0.0,0.0,0.0,540144
2020-02-19 00:00:00+05:30,11.720000267028809,11.75,9.899999618530273,10.84000015258789,92500,0.0,0.0,0.0,540144
2020-02-20 00:00:00+05:30,9.260000228881836,10.8100004196167,9.260000228881836,10.8100004196167,70000,0.0,0.0,0.0,540144
2020-02-24 00:00:00+05:30,9.579999923706055,11.800000190734863,9.550000190734863,11.420000076293945,117500,0.0,0.0,0.0,540144
2020-02-25 00:00:00+05:30,12.430000305175781,12.5,11.039999961853027,11.039999961853027,52500,0.0,0.0,0.0,540144
2020-02-26 00:00:00+05:30,9.819999694824219,11.920000076293945,9.800000190734863,11.800000190734863,82500,0.0,0.0,0.0,540144
2020-02-27 00:00:00+05:30,12.119999885559082,12.199999809265137,11.220000267028809,11.220000267028809,57500,0.0,0.0,0.0,540144
2020-02-28 00:00:00+05:30,9.819999694824219,11.84000015258789,9.819999694824219,10.9399995803833,195000,0.0,0.0,0.0,540144
2020-03-02 00:00:00+05:30,10.9399995803833,10.9399995803833,10.9399995803833,10.9399995803833,0,0.0,0.0,0.0,540144
2020-03-03 00:00:00+05:30,10.9399995803833,10.9399995803833,10.9399995803833,10.9399995803833,0,0.0,0.0,0.0,540144
2020-03-04 00:00:00+05:30,9.520000457763672,10.920000076293945,9.5,10.119999885559082,100000,0.0,0.0,0.0,540144
2020-03-05 00:00:00+05:30,10.970000267028809,10.970000267028809,8.84000015258789,9.010000228881836,105000,0.0,0.0,0.0,540144
2020-03-06 00:00:00+05:30,8.0,8.0,8.0,8.0,5000,0.0,0.0,0.0,540144
2020-03-09 00:00:00+05:30,9.489999771118164,9.489999771118164,8.199999809265137,8.850000381469727,5000,0.0,0.0,0.0,540144
2020-03-11 00:00:00+05:30,7.800000190734863,9.75,7.800000190734863,9.020000457763672,195000,0.0,0.0,0.0,540144
2020-03-12 00:00:00+05:30,9.020000457763672,9.020000457763672,9.020000457763672,9.020000457763672,0,0.0,0.0,0.0,540144
2020-03-13 00:00:00+05:30,7.25,7.25,7.25,7.25,2500,0.0,0.0,0.0,540144
2020-03-16 00:00:00+05:30,7.25,7.25,7.25,7.25,0,0.0,0.0,0.0,540144
2020-03-17 00:00:00+05:30,7.25,7.25,7.25,7.25,0,0.0,0.0,0.0,540144
2020-03-18 00:00:00+05:30,7.25,7.25,7.25,7.25,0,0.0,0.0,0.0,540144
2020-03-19 00:00:00+05:30,6.5,6.5,6.5,6.5,2500,0.0,0.0,0.0,540144
2020-03-20 00:00:00+05:30,6.5,6.5,6.5,6.5,0,0.0,0.0,0.0,540144
2020-03-23 00:00:00+05:30,6.5,6.5,6.5,6.5,0,0.0,0.0,0.0,540144
2020-03-24 00:00:00+05:30,6.5,6.5,6.5,6.5,0,0.0,0.0,0.0,540144
2020-03-25 00:00:00+05:30,6.5,6.5,6.5,6.5,0,0.0,0.0,0.0,540144
2020-03-26 00:00:00+05:30,6.5,6.5,6.5,6.5,0,0.0,0.0,0.0,540144
2020-03-27 00:00:00+05:30,6.5,6.5,6.5,6.5,0,0.0,0.0,0.0,540144
2020-03-30 00:00:00+05:30,6.5,6.5,6.5,6.5,0,0.0,0.0,0.0,540144
2020-03-31 00:00:00+05:30,5.849999904632568,5.849999904632568,5.849999904632568,5.849999904632568,2500,0.0,0.0,0.0,540144
2020-04-01 00:00:00+05:30,6.429999828338623,6.429999828338623,5.329999923706055,5.329999923706055,10000,0.0,0.0,0.0,540144
2020-04-03 00:00:00+05:30,5.329999923706055,5.329999923706055,5.329999923706055,5.329999923706055,0,0.0,0.0,0.0,540144
2020-04-07 00:00:00+05:30,6.440000057220459,6.440000057220459,6.440000057220459,6.440000057220459,5000,0.0,0.0,0.0,540144
2020-04-08 00:00:00+05:30,7.079999923706055,7.079999923706055,7.079999923706055,7.079999923706055,2500,0.0,0.0,0.0,540144
2020-04-09 00:00:00+05:30,7.079999923706055,7.079999923706055,7.079999923706055,7.079999923706055,0,0.0,0.0,0.0,540144
2020-04-13 00:00:00+05:30,7.079999923706055,7.079999923706055,7.079999923706055,7.079999923706055,0,0.0,0.0,0.0,540144
2020-04-15 00:00:00+05:30,8.489999771118164,8.489999771118164,8.350000381469727,8.350000381469727,5000,0.0,0.0,0.0,540144
2020-04-16 00:00:00+05:30,8.350000381469727,8.350000381469727,8.350000381469727,8.350000381469727,0,0.0,0.0,0.0,540144
2020-04-17 00:00:00+05:30,8.350000381469727,8.350000381469727,8.350000381469727,8.350000381469727,0,0.0,0.0,0.0,540144
2020-04-20 00:00:00+05:30,8.350000381469727,8.350000381469727,8.350000381469727,8.350000381469727,0,0.0,0.0,0.0,540144
2020-04-21 00:00:00+05:30,8.350000381469727,8.350000381469727,8.350000381469727,8.350000381469727,0,0.0,0.0,0.0,540144
2020-04-22 00:00:00+05:30,8.350000381469727,8.350000381469727,8.350000381469727,8.350000381469727,0,0.0,0.0,0.0,540144
2020-04-23 00:00:00+05:30,8.350000381469727,8.350000381469727,8.350000381469727,8.350000381469727,0,0.0,0.0,0.0,540144
2020-04-24 00:00:00+05:30,8.350000381469727,8.350000381469727,8.350000381469727,8.350000381469727,0,0.0,0.0,0.0,540144
2020-04-27 00:00:00+05:30,8.350000381469727,8.350000381469727,8.350000381469727,8.350000381469727,0,0.0,0.0,0.0,540144
2020-04-28 00:00:00+05:30,8.350000381469727,8.350000381469727,8.350000381469727,8.350000381469727,0,0.0,0.0,0.0,540144
2020-04-29 00:00:00+05:30,8.350000381469727,8.350000381469727,8.350000381469727,8.350000381469727,0,0.0,0.0,0.0,540144
2020-04-30 00:00:00+05:30,8.350000381469727,8.350000381469727,8.350000381469727,8.350000381469727,0,0.0,0.0,0.0,540144
2020-05-04 00:00:00+05:30,8.350000381469727,8.350000381469727,8.350000381469727,8.350000381469727,0,0.0,0.0,0.0,540144
2020-05-05 00:00:00+05:30,8.350000381469727,8.350000381469727,8.350000381469727,8.350000381469727,0,0.0,0.0,0.0,540144
2020-05-06 00:00:00+05:30,8.350000381469727,8.350000381469727,8.350000381469727,8.350000381469727,0,0.0,0.0,0.0,540144
2020-05-07 00:00:00+05:30,8.350000381469727,8.350000381469727,8.350000381469727,8.350000381469727,0,0.0,0.0,0.0,540144
2020-05-08 00:00:00+05:30,8.350000381469727,8.350000381469727,8.350000381469727,8.350000381469727,0,0.0,0.0,0.0,540144
2020-05-11 00:00:00+05:30,8.350000381469727,8.350000381469727,8.350000381469727,8.350000381469727,0,0.0,0.0,0.0,540144
2020-05-12 00:00:00+05:30,8.399999618530273,8.399999618530273,8.300000190734863,8.399999618530273,7500,0.0,0.0,0.0,540144
2020-05-13 00:00:00+05:30,8.399999618530273,8.399999618530273,8.399999618530273,8.399999618530273,0,0.0,0.0,0.0,540144
2020-05-14 00:00:00+05:30,8.399999618530273,8.399999618530273,8.399999618530273,8.399999618530273,0,0.0,0.0,0.0,540144
2020-05-15 00:00:00+05:30,8.399999618530273,8.399999618530273,8.399999618530273,8.399999618530273,0,0.0,0.0,0.0,540144
2020-05-18 00:00:00+05:30,8.399999618530273,8.399999618530273,8.399999618530273,8.399999618530273,0,0.0,0.0,0.0,540144
2020-05-19 00:00:00+05:30,8.399999618530273,8.399999618530273,8.399999618530273,8.399999618530273,0,0.0,0.0,0.0,540144
2020-05-20 00:00:00+05:30,8.399999618530273,8.399999618530273,8.399999618530273,8.399999618530273,0,0.0,0.0,0.0,540144
2020-05-21 00:00:00+05:30,8.399999618530273,8.399999618530273,8.399999618530273,8.399999618530273,0,0.0,0.0,0.0,540144
2020-05-22 00:00:00+05:30,8.399999618530273,8.399999618530273,8.399999618530273,8.399999618530273,0,0.0,0.0,0.0,540144
2020-05-26 00:00:00+05:30,8.399999618530273,8.399999618530273,8.399999618530273,8.399999618530273,0,0.0,0.0,0.0,540144
2020-05-27 00:00:00+05:30,8.399999618530273,8.399999618530273,8.399999618530273,8.399999618530273,0,0.0,0.0,0.0,540144
2020-05-28 00:00:00+05:30,9.100000381469727,9.100000381469727,9.100000381469727,9.100000381469727,10000,0.0,0.0,0.0,540144
2020-05-29 00:00:00+05:30,9.100000381469727,9.100000381469727,9.100000381469727,9.100000381469727,0,0.0,0.0,0.0,540144
2020-06-01 00:00:00+05:30,7.300000190734863,7.300000190734863,7.300000190734863,7.300000190734863,2500,0.0,0.0,0.0,540144
2020-06-02 00:00:00+05:30,7.300000190734863,7.300000190734863,7.300000190734863,7.300000190734863,0,0.0,0.0,0.0,540144
2020-06-03 00:00:00+05:30,7.300000190734863,7.300000190734863,7.300000190734863,7.300000190734863,0,0.0,0.0,0.0,540144
2020-06-04 00:00:00+05:30,7.300000190734863,7.300000190734863,7.300000190734863,7.300000190734863,0,0.0,0.0,0.0,540144
2020-06-05 00:00:00+05:30,7.300000190734863,7.300000190734863,7.300000190734863,7.300000190734863,0,0.0,0.0,0.0,540144
2020-06-08 00:00:00+05:30,7.300000190734863,7.300000190734863,7.300000190734863,7.300000190734863,0,0.0,0.0,0.0,540144
2020-06-09 00:00:00+05:30,7.300000190734863,7.300000190734863,7.300000190734863,7.300000190734863,0,0.0,0.0,0.0,540144
2020-06-10 00:00:00+05:30,7.300000190734863,7.300000190734863,7.300000190734863,7.300000190734863,0,0.0,0.0,0.0,540144
2020-06-11 00:00:00+05:30,7.300000190734863,7.300000190734863,7.300000190734863,7.300000190734863,0,0.0,0.0,0.0,540144
2020-06-12 00:00:00+05:30,7.300000190734863,7.300000190734863,7.300000190734863,7.300000190734863,0,0.0,0.0,0.0,540144
2020-06-15 00:00:00+05:30,7.300000190734863,7.300000190734863,7.300000190734863,7.300000190734863,30000,0.0,0.0,0.0,540144
2020-06-16 00:00:00+05:30,7.300000190734863,7.300000190734863,7.300000190734863,7.300000190734863,0,0.0,0.0,0.0,540144
2020-06-17 00:00:00+05:30,7.300000190734863,7.300000190734863,7.300000190734863,7.300000190734863,0,0.0,0.0,0.0,540144
2020-06-18 00:00:00+05:30,7.300000190734863,7.300000190734863,7.300000190734863,7.300000190734863,0,0.0,0.0,0.0,540144
2020-06-19 00:00:00+05:30,7.300000190734863,7.300000190734863,7.300000190734863,7.300000190734863,0,0.0,0.0,0.0,540144
2020-06-22 00:00:00+05:30,7.300000190734863,7.300000190734863,7.300000190734863,7.300000190734863,0,0.0,0.0,0.0,540144
2020-06-23 00:00:00+05:30,7.300000190734863,7.300000190734863,7.300000190734863,7.300000190734863,0,0.0,0.0,0.0,540144
2020-06-24 00:00:00+05:30,7.300000190734863,7.300000190734863,7.300000190734863,7.300000190734863,0,0.0,0.0,0.0,540144
2020-06-25 00:00:00+05:30,7.300000190734863,7.300000190734863,7.300000190734863,7.300000190734863,0,0.0,0.0,0.0,540144
2020-06-26 00:00:00+05:30,7.300000190734863,7.300000190734863,7.300000190734863,7.300000190734863,0,0.0,0.0,0.0,540144
2020-06-29 00:00:00+05:30,6.210000038146973,6.210000038146973,6.210000038146973,6.210000038146973,2500,0.0,0.0,0.0,540144
2020-06-30 00:00:00+05:30,7.400000095367432,7.400000095367432,7.400000095367432,7.400000095367432,2500,0.0,0.0,0.0,540144
2020-07-01 00:00:00+05:30,8.880000114440918,8.880000114440918,8.880000114440918,8.880000114440918,5000,0.0,0.0,0.0,540144
2020-07-02 00:00:00+05:30,10.0,10.0,9.949999809265137,9.949999809265137,7500,0.0,0.0,0.0,540144
2020-07-03 00:00:00+05:30,8.100000381469727,8.100000381469727,8.010000228881836,8.010000228881836,5000,0.0,0.0,0.0,540144
2020-07-06 00:00:00+05:30,8.199999809265137,8.199999809265137,8.199999809265137,8.199999809265137,2500,0.0,0.0,0.0,540144
2020-07-07 00:00:00+05:30,8.199999809265137,8.199999809265137,8.199999809265137,8.199999809265137,0,0.0,0.0,0.0,540144
2020-07-08 00:00:00+05:30,8.199999809265137,8.199999809265137,8.199999809265137,8.199999809265137,0,0.0,0.0,0.0,540144
2020-07-09 00:00:00+05:30,8.199999809265137,8.199999809265137,8.199999809265137,8.199999809265137,0,0.0,0.0,0.0,540144
2020-07-10 00:00:00+05:30,8.199999809265137,8.199999809265137,8.199999809265137,8.199999809265137,0,0.0,0.0,0.0,540144
2020-07-13 00:00:00+05:30,8.199999809265137,8.199999809265137,8.199999809265137,8.199999809265137,0,0.0,0.0,0.0,540144
2020-07-14 00:00:00+05:30,8.199999809265137,8.199999809265137,8.199999809265137,8.199999809265137,0,0.0,0.0,0.0,540144
2020-07-15 00:00:00+05:30,8.199999809265137,8.199999809265137,8.199999809265137,8.199999809265137,0,0.0,0.0,0.0,540144
2020-07-16 00:00:00+05:30,8.199999809265137,8.199999809265137,8.199999809265137,8.199999809265137,0,0.0,0.0,0.0,540144
2020-07-17 00:00:00+05:30,8.199999809265137,8.199999809265137,8.199999809265137,8.199999809265137,0,0.0,0.0,0.0,540144
2020-07-20 00:00:00+05:30,8.199999809265137,8.199999809265137,8.199999809265137,8.199999809265137,0,0.0,0.0,0.0,540144
2020-07-21 00:00:00+05:30,8.199999809265137,8.199999809265137,8.199999809265137,8.199999809265137,0,0.0,0.0,0.0,540144
2020-07-22 00:00:00+05:30,8.199999809265137,8.199999809265137,8.199999809265137,8.199999809265137,0,0.0,0.0,0.0,540144
2020-07-23 00:00:00+05:30,8.199999809265137,8.199999809265137,8.199999809265137,8.199999809265137,0,0.0,0.0,0.0,540144
2020-07-24 00:00:00+05:30,8.199999809265137,8.199999809265137,8.199999809265137,8.199999809265137,0,0.0,0.0,0.0,540144
2020-07-27 00:00:00+05:30,8.199999809265137,8.199999809265137,8.199999809265137,8.199999809265137,0,0.0,0.0,0.0,540144
2020-07-28 00:00:00+05:30,8.199999809265137,8.199999809265137,8.199999809265137,8.199999809265137,0,0.0,0.0,0.0,540144
2020-07-29 00:00:00+05:30,8.199999809265137,8.199999809265137,8.199999809265137,8.199999809265137,0,0.0,0.0,0.0,540144
2020-07-30 00:00:00+05:30,8.199999809265137,8.199999809265137,8.199999809265137,8.199999809265137,0,0.0,0.0,0.0,540144
2020-07-31 00:00:00+05:30,8.199999809265137,8.199999809265137,8.199999809265137,8.199999809265137,2500,0.0,0.0,0.0,540144
2020-08-03 00:00:00+05:30,8.199999809265137,8.199999809265137,8.199999809265137,8.199999809265137,0,0.0,0.0,0.0,540144
2020-08-04 00:00:00+05:30,8.199999809265137,8.199999809265137,8.199999809265137,8.199999809265137,0,0.0,0.0,0.0,540144
2020-08-05 00:00:00+05:30,8.199999809265137,8.199999809265137,8.199999809265137,8.199999809265137,0,0.0,0.0,0.0,540144
2020-08-06 00:00:00+05:30,7.150000095367432,7.150000095367432,6.579999923706055,6.590000152587891,50000,0.0,0.0,0.0,540144
2020-08-07 00:00:00+05:30,7.900000095367432,7.900000095367432,7.300000190734863,7.699999809265137,7500,0.0,0.0,0.0,540144
2020-08-10 00:00:00+05:30,8.0,9.239999771118164,8.0,9.239999771118164,12500,0.0,0.0,0.0,540144
2020-08-11 00:00:00+05:30,11.0600004196167,11.0600004196167,7.409999847412109,10.600000381469727,12500,0.0,0.0,0.0,540144
2020-08-12 00:00:00+05:30,10.399999618530273,10.399999618530273,10.399999618530273,10.399999618530273,2500,0.0,0.0,0.0,540144
2020-08-13 00:00:00+05:30,10.399999618530273,10.399999618530273,10.399999618530273,10.399999618530273,0,0.0,0.0,0.0,540144
2020-08-14 00:00:00+05:30,8.5600004196167,8.5600004196167,8.5600004196167,8.5600004196167,5000,0.0,0.0,0.0,540144
2020-08-17 00:00:00+05:30,8.0,9.0,8.0,9.0,15000,0.0,0.0,0.0,540144
2020-08-18 00:00:00+05:30,10.239999771118164,10.239999771118164,8.0,8.0,12500,0.0,0.0,0.0,540144
2020-08-19 00:00:00+05:30,9.59000015258789,9.59000015258789,7.800000190734863,9.5,17500,0.0,0.0,0.0,540144
2020-08-20 00:00:00+05:30,9.989999771118164,10.880000114440918,9.199999809265137,9.199999809265137,12500,0.0,0.0,0.0,540144
2020-08-21 00:00:00+05:30,9.979999542236328,10.25,9.9399995803833,10.25,12500,0.0,0.0,0.0,540144
2020-08-24 00:00:00+05:30,8.75,11.300000190734863,8.75,11.300000190734863,20000,0.0,0.0,0.0,540144
2020-08-25 00:00:00+05:30,11.300000190734863,11.300000190734863,11.300000190734863,11.300000190734863,0,0.0,0.0,0.0,540144
2020-08-26 00:00:00+05:30,11.890000343322754,13.0,11.890000343322754,13.0,12500,0.0,0.0,0.0,540144
2020-08-27 00:00:00+05:30,12.949999809265137,15.600000381469727,12.949999809265137,15.0,105000,0.0,0.0,0.0,540144
2020-08-28 00:00:00+05:30,13.699999809265137,13.699999809265137,13.699999809265137,13.699999809265137,2500,0.0,0.0,0.0,540144
2020-08-31 00:00:00+05:30,13.699999809265137,13.699999809265137,13.699999809265137,13.699999809265137,0,0.0,0.0,0.0,540144
2020-09-01 00:00:00+05:30,13.699999809265137,13.699999809265137,13.699999809265137,13.699999809265137,0,0.0,0.0,0.0,540144
2020-09-02 00:00:00+05:30,13.699999809265137,13.699999809265137,13.699999809265137,13.699999809265137,0,0.0,0.0,0.0,540144
2020-09-03 00:00:00+05:30,13.699999809265137,13.699999809265137,13.699999809265137,13.699999809265137,0,0.0,0.0,0.0,540144
2020-09-04 00:00:00+05:30,13.0,13.0,13.0,13.0,10000,0.0,0.0,0.0,540144
2020-09-07 00:00:00+05:30,11.75,14.199999809265137,11.75,13.0,10000,0.0,0.0,0.0,540144
2020-09-08 00:00:00+05:30,11.729999542236328,14.300000190734863,11.710000038146973,13.800000190734863,27500,0.0,0.0,0.0,540144
2020-09-09 00:00:00+05:30,13.800000190734863,13.800000190734863,13.800000190734863,13.800000190734863,0,0.0,0.0,0.0,540144
2020-09-10 00:00:00+05:30,13.800000190734863,13.800000190734863,13.800000190734863,13.800000190734863,0,0.0,0.0,0.0,540144
2020-09-11 00:00:00+05:30,13.800000190734863,13.800000190734863,13.800000190734863,13.800000190734863,0,0.0,0.0,0.0,540144
2020-09-14 00:00:00+05:30,13.800000190734863,13.800000190734863,13.800000190734863,13.800000190734863,0,0.0,0.0,0.0,540144
2020-09-15 00:00:00+05:30,13.800000190734863,13.800000190734863,13.800000190734863,13.800000190734863,0,0.0,0.0,0.0,540144
2020-09-16 00:00:00+05:30,12.430000305175781,12.5,12.430000305175781,12.430000305175781,10000,0.0,0.0,0.0,540144
2020-09-17 00:00:00+05:30,12.430000305175781,12.449999809265137,12.430000305175781,12.4399995803833,7500,0.0,0.0,0.0,540144
2020-09-18 00:00:00+05:30,12.4399995803833,12.4399995803833,12.4399995803833,12.4399995803833,0,0.0,0.0,0.0,540144
2020-09-21 00:00:00+05:30,12.4399995803833,12.4399995803833,12.4399995803833,12.4399995803833,0,0.0,0.0,0.0,540144
2020-09-22 00:00:00+05:30,12.4399995803833,12.4399995803833,12.4399995803833,12.4399995803833,0,0.0,0.0,0.0,540144
2020-09-23 00:00:00+05:30,12.4399995803833,12.4399995803833,12.4399995803833,12.4399995803833,0,0.0,0.0,0.0,540144
2020-09-24 00:00:00+05:30,12.4399995803833,12.4399995803833,12.4399995803833,12.4399995803833,0,0.0,0.0,0.0,540144
2020-09-25 00:00:00+05:30,12.4399995803833,12.4399995803833,12.4399995803833,12.4399995803833,0,0.0,0.0,0.0,540144
2020-09-28 00:00:00+05:30,12.4399995803833,12.4399995803833,12.4399995803833,12.4399995803833,0,0.0,0.0,0.0,540144
2020-09-29 00:00:00+05:30,11.199999809265137,11.199999809265137,11.199999809265137,11.199999809265137,2500,0.0,0.0,0.0,540144
2020-09-30 00:00:00+05:30,11.199999809265137,11.199999809265137,11.199999809265137,11.199999809265137,0,0.0,0.0,0.0,540144
2020-10-01 00:00:00+05:30,11.199999809265137,11.199999809265137,11.199999809265137,11.199999809265137,0,0.0,0.0,0.0,540144
2020-10-05 00:00:00+05:30,11.199999809265137,11.199999809265137,11.199999809265137,11.199999809265137,0,0.0,0.0,0.0,540144
2020-10-06 00:00:00+05:30,11.199999809265137,11.199999809265137,11.199999809265137,11.199999809265137,0,0.0,0.0,0.0,540144
2020-10-07 00:00:00+05:30,11.199999809265137,11.199999809265137,11.199999809265137,11.199999809265137,0,0.0,0.0,0.0,540144
2020-10-08 00:00:00+05:30,11.199999809265137,11.199999809265137,11.199999809265137,11.199999809265137,0,0.0,0.0,0.0,540144
2020-10-09 00:00:00+05:30,9.5,9.649999618530273,9.5,9.649999618530273,12500,0.0,0.0,0.0,540144
2020-10-12 00:00:00+05:30,9.649999618530273,9.649999618530273,9.649999618530273,9.649999618530273,0,0.0,0.0,0.0,540144
2020-10-13 00:00:00+05:30,9.649999618530273,9.649999618530273,9.649999618530273,9.649999618530273,0,0.0,0.0,0.0,540144
2020-10-14 00:00:00+05:30,8.0,8.0,8.0,8.0,2500,0.0,0.0,0.0,540144
2020-10-15 00:00:00+05:30,8.0,8.0,8.0,8.0,0,0.0,0.0,0.0,540144
2020-10-16 00:00:00+05:30,8.0,8.0,8.0,8.0,0,0.0,0.0,0.0,540144
2020-10-19 00:00:00+05:30,8.0,8.0,8.0,8.0,0,0.0,0.0,0.0,540144
2020-10-20 00:00:00+05:30,8.0,8.0,8.0,8.0,0,0.0,0.0,0.0,540144
2020-10-21 00:00:00+05:30,8.0,8.0,8.0,8.0,0,0.0,0.0,0.0,540144
2020-10-22 00:00:00+05:30,8.0,8.0,8.0,8.0,0,0.0,0.0,0.0,540144
2020-10-23 00:00:00+05:30,9.5,9.5,9.5,9.5,2500,0.0,0.0,0.0,540144
2020-10-26 00:00:00+05:30,9.5,9.5,9.5,9.5,0,0.0,0.0,0.0,540144
2020-10-27 00:00:00+05:30,9.5,9.5,9.5,9.5,0,0.0,0.0,0.0,540144
2020-10-28 00:00:00+05:30,8.760000228881836,8.760000228881836,8.760000228881836,8.760000228881836,2500,0.0,0.0,0.0,540144
2020-10-29 00:00:00+05:30,8.760000228881836,8.760000228881836,8.760000228881836,8.760000228881836,0,0.0,0.0,0.0,540144
2020-10-30 00:00:00+05:30,8.760000228881836,8.760000228881836,8.760000228881836,8.760000228881836,0,0.0,0.0,0.0,540144
2020-11-02 00:00:00+05:30,8.760000228881836,8.760000228881836,8.760000228881836,8.760000228881836,0,0.0,0.0,0.0,540144
2020-11-03 00:00:00+05:30,8.760000228881836,8.760000228881836,8.760000228881836,8.760000228881836,0,0.0,0.0,0.0,540144
2020-11-04 00:00:00+05:30,9.630000114440918,9.630000114440918,9.630000114440918,9.630000114440918,2500,0.0,0.0,0.0,540144
2020-11-05 00:00:00+05:30,9.630000114440918,9.630000114440918,9.630000114440918,9.630000114440918,0,0.0,0.0,0.0,540144
2020-11-06 00:00:00+05:30,9.630000114440918,9.630000114440918,9.630000114440918,9.630000114440918,0,0.0,0.0,0.0,540144
2020-11-09 00:00:00+05:30,9.630000114440918,9.630000114440918,9.630000114440918,9.630000114440918,0,0.0,0.0,0.0,540144
2020-11-10 00:00:00+05:30,9.630000114440918,9.630000114440918,9.630000114440918,9.630000114440918,0,0.0,0.0,0.0,540144
2020-11-11 00:00:00+05:30,9.630000114440918,9.630000114440918,9.630000114440918,9.630000114440918,0,0.0,0.0,0.0,540144
2020-11-12 00:00:00+05:30,9.630000114440918,9.630000114440918,9.630000114440918,9.630000114440918,0,0.0,0.0,0.0,540144
2020-11-13 00:00:00+05:30,8.699999809265137,8.699999809265137,8.699999809265137,8.699999809265137,2500,0.0,0.0,0.0,540144
2020-11-14 00:00:00+05:30,8.699999809265137,8.699999809265137,8.699999809265137,8.699999809265137,0,0.0,0.0,0.0,540144
2020-11-17 00:00:00+05:30,9.569999694824219,9.569999694824219,8.039999961853027,8.8100004196167,5000,0.0,0.0,0.0,540144
2020-11-18 00:00:00+05:30,8.8100004196167,8.8100004196167,8.8100004196167,8.8100004196167,0,0.0,0.0,0.0,540144
2020-11-19 00:00:00+05:30,8.020000457763672,8.020000457763672,8.020000457763672,8.020000457763672,5000,0.0,0.0,0.0,540144
2020-11-20 00:00:00+05:30,8.020000457763672,8.020000457763672,8.020000457763672,8.020000457763672,0,0.0,0.0,0.0,540144
2020-11-23 00:00:00+05:30,8.020000457763672,8.020000457763672,8.020000457763672,8.020000457763672,0,0.0,0.0,0.0,540144
2020-11-24 00:00:00+05:30,8.020000457763672,8.020000457763672,8.020000457763672,8.020000457763672,0,0.0,0.0,0.0,540144
2020-11-25 00:00:00+05:30,8.020000457763672,8.020000457763672,8.020000457763672,8.020000457763672,0,0.0,0.0,0.0,540144
2020-11-26 00:00:00+05:30,8.020000457763672,8.020000457763672,8.020000457763672,8.020000457763672,0,0.0,0.0,0.0,540144
2020-11-27 00:00:00+05:30,8.020000457763672,8.020000457763672,8.020000457763672,8.020000457763672,0,0.0,0.0,0.0,540144
2020-12-01 00:00:00+05:30,8.020000457763672,8.020000457763672,8.020000457763672,8.020000457763672,0,0.0,0.0,0.0,540144
2020-12-02 00:00:00+05:30,8.020000457763672,8.020000457763672,8.020000457763672,8.020000457763672,0,0.0,0.0,0.0,540144
2020-12-03 00:00:00+05:30,8.020000457763672,8.020000457763672,8.020000457763672,8.020000457763672,0,0.0,0.0,0.0,540144
2020-12-04 00:00:00+05:30,8.020000457763672,8.020000457763672,8.020000457763672,8.020000457763672,0,0.0,0.0,0.0,540144
2020-12-07 00:00:00+05:30,8.020000457763672,8.020000457763672,8.020000457763672,8.020000457763672,0,0.0,0.0,0.0,540144
2020-12-08 00:00:00+05:30,9.600000381469727,9.600000381469727,9.600000381469727,9.600000381469727,2500,0.0,0.0,0.0,540144
2020-12-09 00:00:00+05:30,9.600000381469727,9.600000381469727,9.600000381469727,9.600000381469727,0,0.0,0.0,0.0,540144
2020-12-10 00:00:00+05:30,9.600000381469727,9.600000381469727,9.600000381469727,9.600000381469727,0,0.0,0.0,0.0,540144
2020-12-11 00:00:00+05:30,9.600000381469727,9.600000381469727,9.600000381469727,9.600000381469727,0,0.0,0.0,0.0,540144
2020-12-14 00:00:00+05:30,9.600000381469727,9.600000381469727,9.600000381469727,9.600000381469727,0,0.0,0.0,0.0,540144
2020-12-15 00:00:00+05:30,9.850000381469727,9.899999618530273,9.850000381469727,9.880000114440918,5000,0.0,0.0,0.0,540144
2020-12-16 00:00:00+05:30,10.25,10.399999618530273,10.0,10.0,22500,0.0,0.0,0.0,540144
2020-12-17 00:00:00+05:30,10.0,10.0,10.0,10.0,0,0.0,0.0,0.0,540144
2020-12-18 00:00:00+05:30,10.0,10.0,10.0,10.0,0,0.0,0.0,0.0,540144
2020-12-21 00:00:00+05:30,10.0,10.0,10.0,10.0,0,0.0,0.0,0.0,540144
2020-12-22 00:00:00+05:30,10.0,10.0,10.0,10.0,0,0.0,0.0,0.0,540144
2020-12-23 00:00:00+05:30,10.0,10.0,10.0,10.0,0,0.0,0.0,0.0,540144
2020-12-24 00:00:00+05:30,10.0,10.0,10.0,10.0,0,0.0,0.0,0.0,540144
2020-12-28 00:00:00+05:30,10.0,10.0,10.0,10.0,0,0.0,0.0,0.0,540144
2020-12-29 00:00:00+05:30,10.0,10.0,10.0,10.0,0,0.0,0.0,0.0,540144
2020-12-30 00:00:00+05:30,10.0,10.0,10.0,10.0,0,0.0,0.0,0.0,540144
2020-12-31 00:00:00+05:30,10.0,10.0,10.0,10.0,0,0.0,0.0,0.0,540144
2021-01-01 00:00:00+05:30,10.0,10.0,10.0,10.0,0,0.0,0.0,0.0,540144
2021-01-04 00:00:00+05:30,8.199999809265137,8.5,8.199999809265137,8.5,50000,0.0,0.0,0.0,540144
2021-01-05 00:00:00+05:30,9.949999809265137,10.0,9.949999809265137,9.960000038146973,17500,0.0,0.0,0.0,540144
2021-01-06 00:00:00+05:30,10.0,10.899999618530273,8.5,10.899999618530273,37500,0.0,0.0,0.0,540144
2021-01-07 00:00:00+05:30,8.75,10.300000190734863,8.75,10.300000190734863,15000,0.0,0.0,0.0,540144
2021-01-08 00:00:00+05:30,10.300000190734863,10.300000190734863,10.300000190734863,10.300000190734863,0,0.0,0.0,0.0,540144
2021-01-11 00:00:00+05:30,10.300000190734863,10.300000190734863,10.300000190734863,10.300000190734863,0,0.0,0.0,0.0,540144
2021-01-12 00:00:00+05:30,11.800000190734863,11.800000190734863,10.0,10.399999618530273,10000,0.0,0.0,0.0,540144
2021-01-13 00:00:00+05:30,11.0,11.0,9.029999732971191,10.0,7500,0.0,0.0,0.0,540144
2021-01-14 00:00:00+05:30,10.199999809265137,10.199999809265137,10.199999809265137,10.199999809265137,2500,0.0,0.0,0.0,540144
2021-01-15 00:00:00+05:30,9.989999771118164,9.989999771118164,9.989999771118164,9.989999771118164,2500,0.0,0.0,0.0,540144
2021-01-18 00:00:00+05:30,9.989999771118164,9.989999771118164,9.989999771118164,9.989999771118164,0,0.0,0.0,0.0,540144
2021-01-19 00:00:00+05:30,9.989999771118164,9.989999771118164,9.989999771118164,9.989999771118164,0,0.0,0.0,0.0,540144
2021-01-20 00:00:00+05:30,9.989999771118164,9.989999771118164,9.989999771118164,9.989999771118164,0,0.0,0.0,0.0,540144
2021-01-21 00:00:00+05:30,9.989999771118164,9.989999771118164,9.989999771118164,9.989999771118164,0,0.0,0.0,0.0,540144
2021-01-22 00:00:00+05:30,9.989999771118164,9.989999771118164,9.989999771118164,9.989999771118164,0,0.0,0.0,0.0,540144
2021-01-25 00:00:00+05:30,9.989999771118164,9.989999771118164,9.989999771118164,9.989999771118164,0,0.0,0.0,0.0,540144
2021-01-27 00:00:00+05:30,9.600000381469727,10.0,9.600000381469727,10.0,22500,0.0,0.0,0.0,540144
2021-01-28 00:00:00+05:30,9.350000381469727,10.0,9.199999809265137,9.649999618530273,42500,0.0,0.0,0.0,540144
2021-01-29 00:00:00+05:30,9.010000228881836,9.010000228881836,9.010000228881836,9.010000228881836,7500,0.0,0.0,0.0,540144
2021-02-01 00:00:00+05:30,9.010000228881836,9.010000228881836,9.010000228881836,9.010000228881836,0,0.0,0.0,0.0,540144
2021-02-02 00:00:00+05:30,9.550000190734863,9.550000190734863,9.149999618530273,9.149999618530273,5000,0.0,0.0,0.0,540144
2021-02-03 00:00:00+05:30,9.149999618530273,9.149999618530273,9.149999618530273,9.149999618530273,0,0.0,0.0,0.0,540144
2021-02-04 00:00:00+05:30,9.149999618530273,9.149999618530273,9.149999618530273,9.149999618530273,0,0.0,0.0,0.0,540144
2021-02-05 00:00:00+05:30,9.0,9.0,9.0,9.0,2500,0.0,0.0,0.0,540144
2021-02-08 00:00:00+05:30,10.5,10.5,10.0,10.0,5000,0.0,0.0,0.0,540144
2021-02-09 00:00:00+05:30,10.600000381469727,10.600000381469727,9.5600004196167,9.890000343322754,10000,0.0,0.0,0.0,540144
2021-02-10 00:00:00+05:30,9.600000381469727,9.600000381469727,9.5,9.550000190734863,32500,0.0,0.0,0.0,540144
2021-02-11 00:00:00+05:30,9.0,9.989999771118164,9.0,9.989999771118164,12500,0.0,0.0,0.0,540144
2021-02-12 00:00:00+05:30,9.989999771118164,9.989999771118164,9.989999771118164,9.989999771118164,0,0.0,0.0,0.0,540144
2021-02-15 00:00:00+05:30,11.850000381469727,11.850000381469727,9.550000190734863,10.199999809265137,15000,0.0,0.0,0.0,540144
2021-02-16 00:00:00+05:30,11.5,11.5,11.5,11.5,2500,0.0,0.0,0.0,540144
2021-02-17 00:00:00+05:30,11.5,11.5,11.5,11.5,0,0.0,0.0,0.0,540144
2021-02-18 00:00:00+05:30,11.5,11.5,11.5,11.5,0,0.0,0.0,0.0,540144
2021-02-19 00:00:00+05:30,11.5,11.5,11.5,11.5,0,0.0,0.0,0.0,540144
2021-02-22 00:00:00+05:30,9.300000190734863,9.770000457763672,9.020000457763672,9.399999618530273,10000,0.0,0.0,0.0,540144
2021-02-23 00:00:00+05:30,9.399999618530273,9.399999618530273,9.399999618530273,9.399999618530273,0,0.0,0.0,0.0,540144
2021-02-24 00:00:00+05:30,9.399999618530273,9.399999618530273,9.399999618530273,9.399999618530273,0,0.0,0.0,0.0,540144
2021-02-25 00:00:00+05:30,10.890000343322754,10.890000343322754,10.5,10.5,5000,0.0,0.0,0.0,540144
2021-02-26 00:00:00+05:30,10.5,10.5,10.5,10.5,0,0.0,0.0,0.0,540144
2021-03-01 00:00:00+05:30,10.5,10.5,10.5,10.5,0,0.0,0.0,0.0,540144
2021-03-02 00:00:00+05:30,9.5,10.0,9.0,10.0,12500,0.0,0.0,0.0,540144
2021-03-03 00:00:00+05:30,9.989999771118164,10.0,9.989999771118164,10.0,17500,0.0,0.0,0.0,540144
2021-03-04 00:00:00+05:30,10.0,10.0,10.0,10.0,0,0.0,0.0,0.0,540144
2021-03-05 00:00:00+05:30,10.0,10.0,10.0,10.0,0,0.0,0.0,0.0,540144
2021-03-08 00:00:00+05:30,9.520000457763672,9.520000457763672,9.520000457763672,9.520000457763672,2500,0.0,0.0,0.0,540144
2021-03-09 00:00:00+05:30,8.3100004196167,9.25,8.300000190734863,9.25,17500,0.0,0.0,0.0,540144
2021-03-10 00:00:00+05:30,9.25,9.25,9.25,9.25,0,0.0,0.0,0.0,540144
2021-03-12 00:00:00+05:30,9.25,9.25,9.25,9.25,0,0.0,0.0,0.0,540144
2021-03-15 00:00:00+05:30,9.25,9.25,9.25,9.25,0,0.0,0.0,0.0,540144
2021-03-16 00:00:00+05:30,9.25,9.25,9.25,9.25,0,0.0,0.0,0.0,540144
2021-03-17 00:00:00+05:30,9.25,9.25,9.25,9.25,0,0.0,0.0,0.0,540144
2021-03-18 00:00:00+05:30,9.25,9.25,9.25,9.25,0,0.0,0.0,0.0,540144
2021-03-19 00:00:00+05:30,9.25,9.25,9.25,9.25,0,0.0,0.0,0.0,540144
2021-03-22 00:00:00+05:30,7.5,11.100000381469727,7.5,9.25,22500,0.0,0.0,0.0,540144
2021-03-23 00:00:00+05:30,9.100000381469727,9.100000381469727,9.100000381469727,9.100000381469727,2500,0.0,0.0,0.0,540144
2021-03-24 00:00:00+05:30,9.100000381469727,9.100000381469727,9.100000381469727,9.100000381469727,22500,0.0,0.0,0.0,540144
2021-03-25 00:00:00+05:30,9.100000381469727,9.100000381469727,9.100000381469727,9.100000381469727,0,0.0,0.0,0.0,540144
2021-03-26 00:00:00+05:30,9.100000381469727,9.100000381469727,9.100000381469727,9.100000381469727,0,0.0,0.0,0.0,540144
2021-03-30 00:00:00+05:30,9.100000381469727,9.100000381469727,9.100000381469727,9.100000381469727,0,0.0,0.0,0.0,540144
2021-03-31 00:00:00+05:30,9.100000381469727,9.100000381469727,9.100000381469727,9.100000381469727,0,0.0,0.0,0.0,540144
2021-04-01 00:00:00+05:30,9.800000190734863,10.0,9.800000190734863,10.0,5000,0.0,0.0,0.0,540144
2021-04-05 00:00:00+05:30,10.0,10.0,10.0,10.0,0,0.0,0.0,0.0,540144
2021-04-06 00:00:00+05:30,10.0,10.0,10.0,10.0,0,0.0,0.0,0.0,540144
2021-04-07 00:00:00+05:30,8.770000457763672,9.0,8.770000457763672,9.0,12500,0.0,0.0,0.0,540144
2021-04-08 00:00:00+05:30,8.149999618530273,8.149999618530273,8.149999618530273,8.149999618530273,10000,0.0,0.0,0.0,540144
2021-04-09 00:00:00+05:30,8.149999618530273,8.149999618530273,8.149999618530273,8.149999618530273,0,0.0,0.0,0.0,540144
2021-04-12 00:00:00+05:30,8.149999618530273,8.149999618530273,8.149999618530273,8.149999618530273,0,0.0,0.0,0.0,540144
2021-04-13 00:00:00+05:30,8.760000228881836,9.079999923706055,8.760000228881836,9.079999923706055,5000,0.0,0.0,0.0,540144
2021-04-15 00:00:00+05:30,9.079999923706055,9.079999923706055,9.079999923706055,9.079999923706055,0,0.0,0.0,0.0,540144
2021-04-16 00:00:00+05:30,9.079999923706055,9.079999923706055,9.079999923706055,9.079999923706055,0,0.0,0.0,0.0,540144
2021-04-19 00:00:00+05:30,9.079999923706055,9.079999923706055,9.079999923706055,9.079999923706055,0,0.0,0.0,0.0,540144
2021-04-20 00:00:00+05:30,9.079999923706055,9.079999923706055,9.079999923706055,9.079999923706055,0,0.0,0.0,0.0,540144
2021-04-22 00:00:00+05:30,9.079999923706055,9.079999923706055,9.079999923706055,9.079999923706055,0,0.0,0.0,0.0,540144
2021-04-23 00:00:00+05:30,9.079999923706055,9.079999923706055,9.079999923706055,9.079999923706055,0,0.0,0.0,0.0,540144
2021-04-26 00:00:00+05:30,9.0,9.0,9.0,9.0,2500,0.0,0.0,0.0,540144
2021-04-27 00:00:00+05:30,9.0,9.0,9.0,9.0,0,0.0,0.0,0.0,540144
2021-04-28 00:00:00+05:30,9.0,9.0,9.0,9.0,0,0.0,0.0,0.0,540144
2021-04-29 00:00:00+05:30,9.0,9.0,9.0,9.0,0,0.0,0.0,0.0,540144
2021-04-30 00:00:00+05:30,9.0,9.0,9.0,9.0,0,0.0,0.0,0.0,540144
2021-05-03 00:00:00+05:30,8.760000228881836,8.760000228881836,8.760000228881836,8.760000228881836,2500,0.0,0.0,0.0,540144
2021-05-04 00:00:00+05:30,8.760000228881836,8.760000228881836,8.760000228881836,8.760000228881836,0,0.0,0.0,0.0,540144
2021-05-05 00:00:00+05:30,8.760000228881836,8.760000228881836,8.760000228881836,8.760000228881836,0,0.0,0.0,0.0,540144
2021-05-06 00:00:00+05:30,8.050000190734863,8.050000190734863,8.050000190734863,8.050000190734863,2500,0.0,0.0,0.0,540144
2021-05-07 00:00:00+05:30,8.760000228881836,8.760000228881836,8.760000228881836,8.760000228881836,2500,0.0,0.0,0.0,540144
2021-05-10 00:00:00+05:30,8.760000228881836,8.760000228881836,8.760000228881836,8.760000228881836,0,0.0,0.0,0.0,540144
2021-05-11 00:00:00+05:30,8.760000228881836,8.760000228881836,8.760000228881836,8.760000228881836,0,0.0,0.0,0.0,540144
2021-05-12 00:00:00+05:30,8.760000228881836,8.760000228881836,8.760000228881836,8.760000228881836,0,0.0,0.0,0.0,540144
2021-05-14 00:00:00+05:30,8.649999618530273,8.760000228881836,8.649999618530273,8.720000267028809,10000,0.0,0.0,0.0,540144
2021-05-17 00:00:00+05:30,8.720000267028809,8.720000267028809,8.720000267028809,8.720000267028809,0,0.0,0.0,0.0,540144
2021-05-18 00:00:00+05:30,8.720000267028809,8.720000267028809,8.720000267028809,8.720000267028809,0,0.0,0.0,0.0,540144
2021-05-19 00:00:00+05:30,8.720000267028809,8.720000267028809,8.720000267028809,8.720000267028809,0,0.0,0.0,0.0,540144
2021-05-20 00:00:00+05:30,8.760000228881836,8.760000228881836,8.760000228881836,8.760000228881836,2500,0.0,0.0,0.0,540144
2021-05-21 00:00:00+05:30,8.8100004196167,9.0,8.8100004196167,9.0,7500,0.0,0.0,0.0,540144
2021-05-24 00:00:00+05:30,9.5,9.75,9.5,9.75,5000,0.0,0.0,0.0,540144
2021-05-25 00:00:00+05:30,9.75,9.75,9.75,9.75,0,0.0,0.0,0.0,540144
2021-05-26 00:00:00+05:30,10.0,10.0,10.0,10.0,10000,0.0,0.0,0.0,540144
2021-05-27 00:00:00+05:30,10.0,10.0,10.0,10.0,0,0.0,0.0,0.0,540144
2021-05-28 00:00:00+05:30,9.5,10.899999618530273,9.0,9.850000381469727,15000,0.0,0.0,0.0,540144
2021-05-31 00:00:00+05:30,9.989999771118164,9.989999771118164,9.0,9.0,7500,0.0,0.0,0.0,540144
2021-06-01 00:00:00+05:30,9.0,9.0,9.0,9.0,0,0.0,0.0,0.0,540144
2021-06-02 00:00:00+05:30,9.0,9.0,9.0,9.0,0,0.0,0.0,0.0,540144
2021-06-03 00:00:00+05:30,8.890000343322754,8.890000343322754,8.880000114440918,8.880000114440918,5000,0.0,0.0,0.0,540144
2021-06-04 00:00:00+05:30,8.890000343322754,8.890000343322754,8.880000114440918,8.880000114440918,5000,0.0,0.0,0.0,540144
2021-06-07 00:00:00+05:30,9.199999809265137,10.390000343322754,9.199999809265137,9.520000457763672,17500,0.0,0.0,0.0,540144
2021-06-08 00:00:00+05:30,9.520000457763672,9.520000457763672,9.520000457763672,9.520000457763672,0,0.0,0.0,0.0,540144
2021-06-09 00:00:00+05:30,9.25,9.390000343322754,8.800000190734863,9.390000343322754,32500,0.0,0.0,0.0,540144
2021-06-10 00:00:00+05:30,9.359999656677246,9.359999656677246,9.239999771118164,9.239999771118164,5000,0.0,0.0,0.0,540144
2021-06-11 00:00:00+05:30,8.760000228881836,8.760000228881836,8.600000381469727,8.649999618530273,22500,0.0,0.0,0.0,540144
2021-06-14 00:00:00+05:30,8.800000190734863,8.800000190734863,8.800000190734863,8.800000190734863,5000,0.0,0.0,0.0,540144
2021-06-15 00:00:00+05:30,7.449999809265137,9.039999961853027,7.449999809265137,9.039999961853027,15000,0.0,0.0,0.0,540144
2021-06-16 00:00:00+05:30,9.34000015258789,10.319999694824219,9.34000015258789,10.319999694824219,45000,0.0,0.0,0.0,540144
2021-06-17 00:00:00+05:30,10.300000190734863,11.0600004196167,10.300000190734863,11.0,35000,0.0,0.0,0.0,540144
2021-06-18 00:00:00+05:30,11.569999694824219,11.569999694824219,10.949999809265137,11.149999618530273,12500,0.0,0.0,0.0,540144
2021-06-21 00:00:00+05:30,11.5,13.380000114440918,11.5,13.329999923706055,100000,0.0,0.0,0.0,540144
2021-06-22 00:00:00+05:30,14.649999618530273,14.65999984741211,14.520000457763672,14.59000015258789,80000,0.0,0.0,0.0,540144
2021-06-23 00:00:00+05:30,13.140000343322754,14.5,13.140000343322754,13.15999984741211,17500,0.0,0.0,0.0,540144
2021-06-24 00:00:00+05:30,12.109999656677246,12.109999656677246,12.109999656677246,12.109999656677246,2500,0.0,0.0,0.0,540144
2021-06-25 00:00:00+05:30,12.109999656677246,12.109999656677246,12.109999656677246,12.109999656677246,0,0.0,0.0,0.0,540144
2021-06-28 00:00:00+05:30,12.0,13.239999771118164,12.0,12.869999885559082,12500,0.0,0.0,0.0,540144
2021-06-29 00:00:00+05:30,14.100000381469727,14.100000381469727,13.119999885559082,14.079999923706055,15000,0.0,0.0,0.0,540144
2021-06-30 00:00:00+05:30,15.079999923706055,15.079999923706055,12.770000457763672,13.100000381469727,7500,0.0,0.0,0.0,540144
2021-07-01 00:00:00+05:30,13.989999771118164,14.40999984741211,13.989999771118164,14.0,32500,0.0,0.0,0.0,540144
2021-07-02 00:00:00+05:30,12.680000305175781,15.25,12.670000076293945,13.40999984741211,22500,0.0,0.0,0.0,540144
2021-07-05 00:00:00+05:30,13.40999984741211,13.40999984741211,13.40999984741211,13.40999984741211,0,0.0,0.0,0.0,540144
2021-07-06 00:00:00+05:30,14.0,14.699999809265137,14.0,14.109999656677246,110000,0.0,0.0,0.0,540144
2021-07-07 00:00:00+05:30,14.890000343322754,14.949999809265137,14.109999656677246,14.199999809265137,25000,0.0,0.0,0.0,540144
2021-07-08 00:00:00+05:30,14.989999771118164,14.989999771118164,14.140000343322754,14.65999984741211,37500,0.0,0.0,0.0,540144
2021-07-09 00:00:00+05:30,15.039999961853027,15.100000381469727,14.899999618530273,14.949999809265137,12500,0.0,0.0,0.0,540144
2021-07-12 00:00:00+05:30,16.440000534057617,16.440000534057617,15.0,15.930000305175781,32500,0.0,0.0,0.0,540144
2021-07-13 00:00:00+05:30,16.59000015258789,16.59000015258789,15.899999618530273,15.930000305175781,12500,0.0,0.0,0.0,540144
2021-07-14 00:00:00+05:30,15.979999542236328,15.979999542236328,15.979999542236328,15.979999542236328,2500,0.0,0.0,0.0,540144
2021-07-15 00:00:00+05:30,15.020000457763672,15.149999618530273,14.640000343322754,14.9399995803833,25000,0.0,0.0,0.0,540144
2021-07-16 00:00:00+05:30,14.710000038146973,14.710000038146973,14.710000038146973,14.710000038146973,2500,0.0,0.0,0.0,540144
2021-07-19 00:00:00+05:30,14.5,14.5,14.0,14.25,10000,0.0,0.0,0.0,540144
2021-07-20 00:00:00+05:30,14.25,14.25,14.25,14.25,0,0.0,0.0,0.0,540144
2021-07-22 00:00:00+05:30,15.25,15.25,15.0,15.130000114440918,5000,0.0,0.0,0.0,540144
2021-07-23 00:00:00+05:30,15.199999809265137,15.199999809265137,15.199999809265137,15.199999809265137,15000,0.0,0.0,0.0,540144
2021-07-26 00:00:00+05:30,15.199999809265137,15.199999809265137,15.199999809265137,15.199999809265137,0,0.0,0.0,0.0,540144
2021-07-27 00:00:00+05:30,14.109999656677246,14.109999656677246,14.109999656677246,14.109999656677246,2500,0.0,0.0,0.0,540144
2021-07-28 00:00:00+05:30,13.3100004196167,13.449999809265137,13.3100004196167,13.449999809265137,5000,0.0,0.0,0.0,540144
2021-07-29 00:00:00+05:30,13.449999809265137,13.449999809265137,13.449999809265137,13.449999809265137,0,0.0,0.0,0.0,540144
2021-07-30 00:00:00+05:30,13.989999771118164,13.989999771118164,13.989999771118164,13.989999771118164,2500,0.0,0.0,0.0,540144
2021-08-02 00:00:00+05:30,14.720000267028809,14.720000267028809,14.010000228881836,14.010000228881836,10000,0.0,0.0,0.0,540144
2021-08-03 00:00:00+05:30,14.010000228881836,14.010000228881836,14.010000228881836,14.010000228881836,0,0.0,0.0,0.0,540144
2021-08-04 00:00:00+05:30,14.010000228881836,14.010000228881836,14.010000228881836,14.010000228881836,0,0.0,0.0,0.0,540144
2021-08-05 00:00:00+05:30,14.010000228881836,14.010000228881836,14.010000228881836,14.010000228881836,0,0.0,0.0,0.0,540144
2021-08-06 00:00:00+05:30,13.300000190734863,13.300000190734863,13.300000190734863,13.300000190734863,7500,0.0,0.0,0.0,540144
2021-08-09 00:00:00+05:30,14.300000190734863,14.989999771118164,14.300000190734863,14.989999771118164,15000,0.0,0.0,0.0,540144
2021-08-10 00:00:00+05:30,14.010000228881836,14.010000228881836,13.130000114440918,13.130000114440918,5000,0.0,0.0,0.0,540144
2021-08-11 00:00:00+05:30,11.010000228881836,12.550000190734863,11.010000228881836,12.550000190734863,5000,0.0,0.0,0.0,540144
2021-08-12 00:00:00+05:30,12.550000190734863,12.550000190734863,12.550000190734863,12.550000190734863,0,0.0,0.0,0.0,540144
2021-08-13 00:00:00+05:30,14.0,14.0,14.0,14.0,2500,0.0,0.0,0.0,540144
2021-08-16 00:00:00+05:30,14.0,14.579999923706055,13.0,13.010000228881836,22500,0.0,0.0,0.0,540144
2021-08-17 00:00:00+05:30,14.949999809265137,14.949999809265137,12.760000228881836,13.079999923706055,20000,0.0,0.0,0.0,540144
2021-08-18 00:00:00+05:30,13.079999923706055,13.079999923706055,13.079999923706055,13.079999923706055,0,0.0,0.0,0.0,540144
2021-08-20 00:00:00+05:30,12.130000114440918,13.25,12.119999885559082,12.6899995803833,10000,0.0,0.0,0.0,540144
2021-08-23 00:00:00+05:30,12.6899995803833,12.6899995803833,12.6899995803833,12.6899995803833,0,0.0,0.0,0.0,540144
2021-08-24 00:00:00+05:30,12.6899995803833,12.6899995803833,12.6899995803833,12.6899995803833,0,0.0,0.0,0.0,540144
2021-08-25 00:00:00+05:30,13.699999809265137,13.75,13.699999809265137,13.75,5000,0.0,0.0,0.0,540144
2021-08-26 00:00:00+05:30,13.75,13.75,13.75,13.75,0,0.0,0.0,0.0,540144
2021-08-27 00:00:00+05:30,14.5,14.5,14.5,14.5,2500,0.0,0.0,0.0,540144
2021-08-30 00:00:00+05:30,14.899999618530273,14.899999618530273,14.899999618530273,14.899999618530273,2500,0.0,0.0,0.0,540144
2021-08-31 00:00:00+05:30,14.899999618530273,14.899999618530273,14.899999618530273,14.899999618530273,0,0.0,0.0,0.0,540144
2021-09-01 00:00:00+05:30,14.899999618530273,14.899999618530273,14.899999618530273,14.899999618530273,0,0.0,0.0,0.0,540144
2021-09-02 00:00:00+05:30,13.510000228881836,14.050000190734863,13.510000228881836,14.050000190734863,5000,0.0,0.0,0.0,540144
2021-09-03 00:00:00+05:30,14.0,14.0,14.0,14.0,2500,0.0,0.0,0.0,540144
2021-09-06 00:00:00+05:30,14.989999771118164,15.989999771118164,14.989999771118164,15.010000228881836,12500,0.0,0.0,0.0,540144
2021-09-07 00:00:00+05:30,15.010000228881836,15.010000228881836,15.010000228881836,15.010000228881836,0,0.0,0.0,0.0,540144
2021-09-08 00:00:00+05:30,15.010000228881836,15.010000228881836,15.010000228881836,15.010000228881836,0,0.0,0.0,0.0,540144
2021-09-09 00:00:00+05:30,12.520000457763672,12.520000457763672,12.520000457763672,12.520000457763672,2500,0.0,0.0,0.0,540144
2021-09-13 00:00:00+05:30,15.020000457763672,15.020000457763672,15.0,15.020000457763672,25000,0.0,0.0,0.0,540144
2021-09-14 00:00:00+05:30,15.020000457763672,15.020000457763672,15.020000457763672,15.020000457763672,5000,0.0,0.0,0.0,540144
2021-09-15 00:00:00+05:30,15.020000457763672,15.020000457763672,15.020000457763672,15.020000457763672,0,0.0,0.0,0.0,540144
2021-09-16 00:00:00+05:30,15.020000457763672,15.020000457763672,15.020000457763672,15.020000457763672,0,0.0,0.0,0.0,540144
2021-09-17 00:00:00+05:30,14.149999618530273,14.149999618530273,14.039999961853027,14.039999961853027,7500,0.0,0.0,0.0,540144
2021-09-20 00:00:00+05:30,15.100000381469727,15.100000381469727,14.520000457763672,14.520000457763672,10000,0.0,0.0,0.0,540144
2021-09-21 00:00:00+05:30,13.350000381469727,14.619999885559082,13.350000381469727,14.619999885559082,5000,0.0,0.0,0.0,540144
2021-09-22 00:00:00+05:30,14.619999885559082,14.619999885559082,14.619999885559082,14.619999885559082,0,0.0,0.0,0.0,540144
2021-09-23 00:00:00+05:30,14.010000228881836,14.010000228881836,14.010000228881836,14.010000228881836,2500,0.0,0.0,0.0,540144
2021-09-24 00:00:00+05:30,13.529999732971191,13.529999732971191,13.510000228881836,13.510000228881836,7500,0.0,0.0,0.0,540144
2021-09-27 00:00:00+05:30,13.510000228881836,13.510000228881836,13.510000228881836,13.510000228881836,0,0.0,0.0,0.0,540144
2021-09-28 00:00:00+05:30,13.510000228881836,13.510000228881836,13.510000228881836,13.510000228881836,0,0.0,0.0,0.0,540144
2021-09-29 00:00:00+05:30,13.510000228881836,13.510000228881836,13.510000228881836,13.510000228881836,0,0.0,0.0,0.0,540144
2021-09-30 00:00:00+05:30,13.210000038146973,13.210000038146973,13.109999656677246,13.109999656677246,10000,0.0,0.0,0.0,540144
2021-10-01 00:00:00+05:30,13.949999809265137,14.579999923706055,13.949999809265137,14.579999923706055,10000,0.0,0.0,0.0,540144
2021-10-04 00:00:00+05:30,14.579999923706055,14.579999923706055,13.510000228881836,13.510000228881836,10000,0.0,0.0,0.0,540144
2021-10-05 00:00:00+05:30,14.0,14.479999542236328,14.0,14.479999542236328,10000,0.0,0.0,0.0,540144
2021-10-06 00:00:00+05:30,14.979999542236328,14.979999542236328,14.0,14.970000267028809,10000,0.0,0.0,0.0,540144
2021-10-07 00:00:00+05:30,14.25,14.899999618530273,14.0,14.149999618530273,17500,0.0,0.0,0.0,540144
2021-10-08 00:00:00+05:30,14.130000114440918,14.130000114440918,14.0,14.039999961853027,10000,0.0,0.0,0.0,540144
2021-10-11 00:00:00+05:30,14.489999771118164,15.989999771118164,14.489999771118164,14.640000343322754,22500,0.0,0.0,0.0,540144
2021-10-12 00:00:00+05:30,14.520000457763672,14.520000457763672,14.199999809265137,14.199999809265137,7500,0.0,0.0,0.0,540144
2021-10-13 00:00:00+05:30,14.199999809265137,14.199999809265137,14.199999809265137,14.199999809265137,0,0.0,0.0,0.0,540144
2021-10-14 00:00:00+05:30,14.199999809265137,14.199999809265137,14.199999809265137,14.199999809265137,0,0.0,0.0,0.0,540144
2021-10-18 00:00:00+05:30,14.5,17.040000915527344,14.5,16.770000457763672,70000,0.0,0.0,0.0,540144
2021-10-19 00:00:00+05:30,18.270000457763672,20.1200008392334,16.989999771118164,20.1200008392334,300000,0.0,0.0,0.0,540144
2021-10-20 00:00:00+05:30,22.5,22.5,19.110000610351562,20.25,102500,0.0,0.0,0.0,540144
2021-10-21 00:00:00+05:30,20.0,21.5,19.520000457763672,21.5,10000,0.0,0.0,0.0,540144
2021-10-22 00:00:00+05:30,21.450000762939453,21.899999618530273,21.0,21.0,10000,0.0,0.0,0.0,540144
2021-10-25 00:00:00+05:30,19.0,19.0,18.899999618530273,18.93000030517578,12500,0.0,0.0,0.0,540144
2021-10-26 00:00:00+05:30,20.690000534057617,20.690000534057617,18.719999313354492,19.110000610351562,20000,0.0,0.0,0.0,540144
2021-10-27 00:00:00+05:30,20.75,20.899999618530273,19.309999465942383,20.81999969482422,25000,0.0,0.0,0.0,540144
2021-10-28 00:00:00+05:30,21.0,22.899999618530273,20.219999313354492,22.639999389648438,75000,0.0,0.0,0.0,540144
2021-10-29 00:00:00+05:30,22.899999618530273,22.899999618530273,21.010000228881836,21.010000228881836,10000,0.0,0.0,0.0,540144
2021-11-01 00:00:00+05:30,21.010000228881836,21.010000228881836,21.010000228881836,21.010000228881836,0,0.0,0.0,0.0,540144
2021-11-02 00:00:00+05:30,20.75,20.75,20.75,20.75,2500,0.0,0.0,0.0,540144
2021-11-03 00:00:00+05:30,20.5,22.450000762939453,20.5,22.0,15000,0.0,0.0,0.0,540144
2021-11-04 00:00:00+05:30,22.0,22.850000381469727,22.0,22.850000381469727,5000,0.0,0.0,0.0,540144
2021-11-08 00:00:00+05:30,22.5,23.600000381469727,21.25,23.600000381469727,10000,0.0,0.0,0.0,540144
2021-11-09 00:00:00+05:30,24.5,24.549999237060547,24.5,24.549999237060547,5000,0.0,0.0,0.0,540144
2021-11-10 00:00:00+05:30,24.399999618530273,24.399999618530273,23.0,23.0,7500,0.0,0.0,0.0,540144
2021-11-11 00:00:00+05:30,23.0,23.0,23.0,23.0,0,0.0,0.0,0.0,540144
2021-11-12 00:00:00+05:30,23.0,23.0,23.0,23.0,0,0.0,0.0,0.0,540144
2021-11-15 00:00:00+05:30,20.700000762939453,20.700000762939453,20.700000762939453,20.700000762939453,15000,0.0,0.0,0.0,540144
2021-11-16 00:00:00+05:30,18.649999618530273,18.649999618530273,18.649999618530273,18.649999618530273,12500,0.0,0.0,0.0,540144
2021-11-17 00:00:00+05:30,17.75,17.75,17.75,17.75,2500,0.0,0.0,0.0,540144
2021-11-18 00:00:00+05:30,16.899999618530273,16.899999618530273,16.899999618530273,16.899999618530273,5000,0.0,0.0,0.0,540144
2021-11-22 00:00:00+05:30,16.100000381469727,16.950000762939453,16.100000381469727,16.100000381469727,30000,0.0,0.0,0.0,540144
2021-11-23 00:00:00+05:30,16.899999618530273,16.899999618530273,16.899999618530273,16.899999618530273,7500,0.0,0.0,0.0,540144
2021-11-24 00:00:00+05:30,17.700000762939453,17.700000762939453,16.950000762939453,17.5,42500,0.0,0.0,0.0,540144
2021-11-25 00:00:00+05:30,17.950000762939453,17.950000762939453,16.649999618530273,16.700000762939453,22500,0.0,0.0,0.0,540144
2021-11-26 00:00:00+05:30,16.700000762939453,16.700000762939453,15.899999618530273,16.0,27500,0.0,0.0,0.0,540144
2021-11-29 00:00:00+05:30,16.350000381469727,16.350000381469727,15.199999809265137,15.949999809265137,27500,0.0,0.0,0.0,540144
2021-11-30 00:00:00+05:30,16.450000762939453,16.649999618530273,16.450000762939453,16.649999618530273,5000,0.0,0.0,0.0,540144
2021-12-01 00:00:00+05:30,16.649999618530273,16.649999618530273,16.649999618530273,16.649999618530273,0,0.0,0.0,0.0,540144
2021-12-02 00:00:00+05:30,16.649999618530273,16.649999618530273,16.649999618530273,16.649999618530273,0,0.0,0.0,0.0,540144
2021-12-03 00:00:00+05:30,16.600000381469727,17.399999618530273,16.600000381469727,17.399999618530273,15000,0.0,0.0,0.0,540144
2021-12-06 00:00:00+05:30,17.399999618530273,17.399999618530273,17.399999618530273,17.399999618530273,0,0.0,0.0,0.0,540144
2021-12-07 00:00:00+05:30,15.75,15.75,15.75,15.75,2500,0.0,0.0,0.0,540144
2021-12-08 00:00:00+05:30,16.0,16.0,16.0,16.0,2500,0.0,0.0,0.0,540144
2021-12-09 00:00:00+05:30,14.649999618530273,17.5,14.649999618530273,17.450000762939453,30000,0.0,0.0,0.0,540144
2021-12-10 00:00:00+05:30,16.799999237060547,16.799999237060547,16.25,16.25,17500,0.0,0.0,0.0,540144
2021-12-13 00:00:00+05:30,16.25,16.25,16.25,16.25,0,0.0,0.0,0.0,540144
2021-12-14 00:00:00+05:30,17.0,17.049999237060547,17.0,17.049999237060547,5000,0.0,0.0,0.0,540144
2021-12-15 00:00:00+05:30,17.0,18.0,16.549999237060547,17.299999237060547,12500,0.0,0.0,0.0,540144
2021-12-16 00:00:00+05:30,15.800000190734863,16.200000762939453,15.800000190734863,16.200000762939453,5000,0.0,0.0,0.0,540144
2021-12-17 00:00:00+05:30,16.200000762939453,16.200000762939453,16.200000762939453,16.200000762939453,0,0.0,0.0,0.0,540144
2021-12-20 00:00:00+05:30,16.0,16.0,16.0,16.0,5000,0.0,0.0,0.0,540144
2021-12-21 00:00:00+05:30,17.600000381469727,17.600000381469727,17.5,17.600000381469727,25000,0.0,0.0,0.0,540144
2021-12-22 00:00:00+05:30,17.25,19.0,17.25,19.0,5000,0.0,0.0,0.0,540144
2021-12-23 00:00:00+05:30,20.75,20.899999618530273,17.75,20.899999618530273,42500,0.0,0.0,0.0,540144
2021-12-24 00:00:00+05:30,20.899999618530273,20.899999618530273,20.899999618530273,20.899999618530273,0,0.0,0.0,0.0,540144
2021-12-27 00:00:00+05:30,21.899999618530273,21.899999618530273,20.0,20.0,5000,0.0,0.0,0.0,540144
2021-12-28 00:00:00+05:30,19.0,19.0,19.0,19.0,2500,0.0,0.0,0.0,540144
2021-12-29 00:00:00+05:30,19.75,19.950000762939453,19.75,19.950000762939453,27500,0.0,0.0,0.0,540144
2021-12-30 00:00:00+05:30,20.899999618530273,20.899999618530273,20.899999618530273,20.899999618530273,5000,0.0,0.0,0.0,540144
2021-12-31 00:00:00+05:30,20.0,20.0,20.0,20.0,2500,0.0,0.0,0.0,540144
2022-01-03 00:00:00+05:30,19.0,20.0,19.0,20.0,10000,0.0,0.0,0.0,540144
2022-01-04 00:00:00+05:30,20.0,20.0,19.5,19.5,10000,0.0,0.0,0.0,540144
2022-01-05 00:00:00+05:30,18.549999237060547,18.549999237060547,18.549999237060547,18.549999237060547,5000,0.0,0.0,0.0,540144
2022-01-06 00:00:00+05:30,18.549999237060547,18.549999237060547,18.549999237060547,18.549999237060547,0,0.0,0.0,0.0,540144
2022-01-07 00:00:00+05:30,18.5,18.549999237060547,17.649999618530273,17.649999618530273,52500,0.0,0.0,0.0,540144
2022-01-10 00:00:00+05:30,16.799999237060547,18.5,16.799999237060547,18.5,15000,0.0,0.0,0.0,540144
2022-01-11 00:00:00+05:30,18.5,18.5,18.5,18.5,0,0.0,0.0,0.0,540144
2022-01-12 00:00:00+05:30,17.700000762939453,17.700000762939453,17.700000762939453,17.700000762939453,5000,0.0,0.0,0.0,540144
2022-01-13 00:00:00+05:30,16.950000762939453,16.950000762939453,16.850000381469727,16.850000381469727,5000,0.0,0.0,0.0,540144
2022-01-14 00:00:00+05:30,17.450000762939453,17.5,17.450000762939453,17.5,5000,0.0,0.0,0.0,540144
2022-01-17 00:00:00+05:30,17.25,18.350000381469727,17.25,17.75,15000,0.0,0.0,0.0,540144
2022-01-18 00:00:00+05:30,18.0,18.0,18.0,18.0,2500,0.0,0.0,0.0,540144
2022-01-19 00:00:00+05:30,18.0,18.0,18.0,18.0,7500,0.0,0.0,0.0,540144
2022-01-20 00:00:00+05:30,17.299999237060547,17.950000762939453,17.149999618530273,17.25,15000,0.0,0.0,0.0,540144
2022-01-21 00:00:00+05:30,17.25,17.25,17.25,17.25,0,0.0,0.0,0.0,540144
2022-01-24 00:00:00+05:30,16.5,17.5,16.5,16.700000762939453,12500,0.0,0.0,0.0,540144
2022-01-25 00:00:00+05:30,16.700000762939453,16.700000762939453,16.700000762939453,16.700000762939453,0,0.0,0.0,0.0,540144
2022-01-27 00:00:00+05:30,16.700000762939453,16.700000762939453,16.700000762939453,16.700000762939453,17500,0.0,0.0,0.0,540144
2022-01-28 00:00:00+05:30,15.949999809265137,16.75,15.949999809265137,16.75,22500,0.0,0.0,0.0,540144
2022-01-31 00:00:00+05:30,17.399999618530273,17.5,17.399999618530273,17.5,7500,0.0,0.0,0.0,540144
2022-02-01 00:00:00+05:30,17.549999237060547,17.549999237060547,17.549999237060547,17.549999237060547,2500,0.0,0.0,0.0,540144
2022-02-02 00:00:00+05:30,17.549999237060547,17.549999237060547,17.549999237060547,17.549999237060547,0,0.0,0.0,0.0,540144
2022-02-03 00:00:00+05:30,18.25,18.25,18.25,18.25,2500,0.0,0.0,0.0,540144
2022-02-04 00:00:00+05:30,18.850000381469727,18.899999618530273,18.799999237060547,18.899999618530273,7500,0.0,0.0,0.0,540144
2022-02-07 00:00:00+05:30,18.899999618530273,18.899999618530273,18.899999618530273,18.899999618530273,2500,0.0,0.0,0.0,540144
2022-02-08 00:00:00+05:30,17.450000762939453,17.450000762939453,17.450000762939453,17.450000762939453,2500,0.0,0.0,0.0,540144
2022-02-09 00:00:00+05:30,18.0,18.0,17.5,17.5,12500,0.0,0.0,0.0,540144
2022-02-10 00:00:00+05:30,17.049999237060547,17.549999237060547,16.100000381469727,17.549999237060547,12500,0.0,0.0,0.0,540144
2022-02-11 00:00:00+05:30,18.0,19.200000762939453,17.600000381469727,17.600000381469727,12500,0.0,0.0,0.0,540144
2022-02-14 00:00:00+05:30,17.600000381469727,17.600000381469727,17.600000381469727,17.600000381469727,0,0.0,0.0,0.0,540144
2022-02-15 00:00:00+05:30,17.600000381469727,17.600000381469727,17.600000381469727,17.600000381469727,0,0.0,0.0,0.0,540144
2022-02-16 00:00:00+05:30,16.0,16.75,16.0,16.75,10000,0.0,0.0,0.0,540144
2022-02-17 00:00:00+05:30,16.75,16.75,16.75,16.75,0,0.0,0.0,0.0,540144
2022-02-18 00:00:00+05:30,16.75,16.75,16.75,16.75,0,0.0,0.0,0.0,540144
2022-02-21 00:00:00+05:30,16.75,16.75,16.75,16.75,0,0.0,0.0,0.0,540144
2022-02-22 00:00:00+05:30,16.75,16.75,16.75,16.75,0,0.0,0.0,0.0,540144
2022-02-23 00:00:00+05:30,16.700000762939453,16.75,16.700000762939453,16.75,5000,0.0,0.0,0.0,540144
2022-02-24 00:00:00+05:30,16.75,16.75,16.75,16.75,0,0.0,0.0,0.0,540144
2022-02-25 00:00:00+05:30,16.75,16.75,16.75,16.75,0,0.0,0.0,0.0,540144
2022-02-28 00:00:00+05:30,14.899999618530273,16.75,14.899999618530273,16.75,5000,0.0,0.0,0.0,540144
2022-03-02 00:00:00+05:30,16.75,16.75,16.75,16.75,0,0.0,0.0,0.0,540144
2022-03-03 00:00:00+05:30,15.5,15.5,15.5,15.5,2500,0.0,0.0,0.0,540144
2022-03-04 00:00:00+05:30,15.5,15.850000381469727,14.199999809265137,15.649999618530273,42500,0.0,0.0,0.0,540144
2022-03-07 00:00:00+05:30,15.649999618530273,15.649999618530273,15.649999618530273,15.649999618530273,0,0.0,0.0,0.0,540144
2022-03-08 00:00:00+05:30,15.649999618530273,15.649999618530273,15.649999618530273,15.649999618530273,0,0.0,0.0,0.0,540144
2022-03-09 00:00:00+05:30,14.449999809265137,15.100000381469727,14.449999809265137,15.100000381469727,5000,0.0,0.0,0.0,540144
2022-03-10 00:00:00+05:30,15.100000381469727,15.100000381469727,15.100000381469727,15.100000381469727,0,0.0,0.0,0.0,540144
2022-03-11 00:00:00+05:30,16.600000381469727,16.600000381469727,16.100000381469727,16.100000381469727,5000,0.0,0.0,0.0,540144
2022-03-14 00:00:00+05:30,17.600000381469727,17.600000381469727,17.600000381469727,17.600000381469727,2500,0.0,0.0,0.0,540144
2022-03-15 00:00:00+05:30,17.600000381469727,17.600000381469727,17.600000381469727,17.600000381469727,0,0.0,0.0,0.0,540144
2022-03-16 00:00:00+05:30,16.100000381469727,17.450000762939453,15.899999618530273,15.949999809265137,10000,0.0,0.0,0.0,540144
2022-03-17 00:00:00+05:30,15.949999809265137,15.949999809265137,15.949999809265137,15.949999809265137,0,0.0,0.0,0.0,540144
2022-03-21 00:00:00+05:30,15.949999809265137,15.949999809265137,15.949999809265137,15.949999809265137,0,0.0,0.0,0.0,540144
2022-03-22 00:00:00+05:30,15.949999809265137,15.949999809265137,15.949999809265137,15.949999809265137,0,0.0,0.0,0.0,540144
2022-03-23 00:00:00+05:30,15.949999809265137,15.949999809265137,15.949999809265137,15.949999809265137,0,0.0,0.0,0.0,540144
2022-03-24 00:00:00+05:30,15.949999809265137,15.949999809265137,15.949999809265137,15.949999809265137,0,0.0,0.0,0.0,540144
2022-03-25 00:00:00+05:30,15.949999809265137,15.949999809265137,15.949999809265137,15.949999809265137,0,0.0,0.0,0.0,540144
2022-03-28 00:00:00+05:30,14.850000381469727,15.300000190734863,14.399999618530273,15.25,32500,0.0,0.0,0.0,540144
2022-03-29 00:00:00+05:30,15.0,15.300000190734863,15.0,15.300000190734863,10000,0.0,0.0,0.0,540144
2022-03-30 00:00:00+05:30,14.800000190734863,14.800000190734863,14.800000190734863,14.800000190734863,2500,0.0,0.0,0.0,540144
2022-03-31 00:00:00+05:30,14.600000381469727,14.600000381469727,13.350000381469727,13.449999809265137,57500,0.0,0.0,0.0,540144
2022-04-01 00:00:00+05:30,14.460000038146973,14.460000038146973,14.460000038146973,14.460000038146973,2500,0.0,0.0,0.0,540144
2022-04-04 00:00:00+05:30,14.460000038146973,14.460000038146973,14.460000038146973,14.460000038146973,0,0.0,0.0,0.0,540144
2022-04-05 00:00:00+05:30,14.460000038146973,14.460000038146973,14.460000038146973,14.460000038146973,2500,0.0,0.0,0.0,540144
2022-04-06 00:00:00+05:30,15.220000267028809,15.220000267028809,15.220000267028809,15.220000267028809,2500,0.0,0.0,0.0,540144
2022-04-07 00:00:00+05:30,15.220000267028809,15.220000267028809,15.220000267028809,15.220000267028809,0,0.0,0.0,0.0,540144
2022-04-08 00:00:00+05:30,15.0,15.0,15.0,15.0,2500,0.0,0.0,0.0,540144
2022-04-11 00:00:00+05:30,15.0,15.0,15.0,15.0,0,0.0,0.0,0.0,540144
2022-04-12 00:00:00+05:30,15.0,15.0,15.0,15.0,0,0.0,0.0,0.0,540144
2022-04-13 00:00:00+05:30,15.0,15.0,15.0,15.0,0,0.0,0.0,0.0,540144
2022-04-18 00:00:00+05:30,14.949999809265137,15.0,14.949999809265137,15.0,5000,0.0,0.0,0.0,540144
2022-04-19 00:00:00+05:30,15.0,15.0,15.0,15.0,0,0.0,0.0,0.0,540144
2022-04-20 00:00:00+05:30,15.0,15.0,15.0,15.0,0,0.0,0.0,0.0,540144
2022-04-21 00:00:00+05:30,15.0,16.600000381469727,15.0,16.600000381469727,5000,0.0,0.0,0.0,540144
2022-04-22 00:00:00+05:30,15.5,15.5,15.5,15.5,2500,0.0,0.0,0.0,540144
2022-04-25 00:00:00+05:30,15.5,15.5,15.5,15.5,0,0.0,0.0,0.0,540144
2022-04-26 00:00:00+05:30,14.300000190734863,14.300000190734863,14.300000190734863,14.300000190734863,2500,0.0,0.0,0.0,540144
2022-04-27 00:00:00+05:30,14.300000190734863,14.300000190734863,14.300000190734863,14.300000190734863,0,0.0,0.0,0.0,540144
2022-04-28 00:00:00+05:30,14.300000190734863,14.300000190734863,14.300000190734863,14.300000190734863,0,0.0,0.0,0.0,540144
2022-04-29 00:00:00+05:30,14.300000190734863,14.300000190734863,14.300000190734863,14.300000190734863,0,0.0,0.0,0.0,540144
2022-05-02 00:00:00+05:30,14.300000190734863,14.300000190734863,14.300000190734863,14.300000190734863,0,0.0,0.0,0.0,540144
2022-05-04 00:00:00+05:30,15.789999961853027,15.800000190734863,15.789999961853027,15.800000190734863,7500,0.0,0.0,0.0,540144
2022-05-05 00:00:00+05:30,15.800000190734863,15.800000190734863,15.800000190734863,15.800000190734863,0,0.0,0.0,0.0,540144
2022-05-06 00:00:00+05:30,15.800000190734863,15.800000190734863,15.800000190734863,15.800000190734863,0,0.0,0.0,0.0,540144
2022-05-09 00:00:00+05:30,15.800000190734863,15.800000190734863,15.800000190734863,15.800000190734863,0,0.0,0.0,0.0,540144
2022-05-10 00:00:00+05:30,18.25,18.959999084472656,18.0,18.829999923706055,42500,0.0,0.0,0.0,540144
2022-05-11 00:00:00+05:30,21.899999618530273,21.950000762939453,18.5,18.5,15000,0.0,0.0,0.0,540144
2022-05-12 00:00:00+05:30,20.799999237060547,21.75,16.0,19.5,52500,0.0,0.0,0.0,540144
2022-05-13 00:00:00+05:30,20.5,20.5,18.600000381469727,19.450000762939453,22500,0.0,0.0,0.0,540144
2022-05-16 00:00:00+05:30,19.450000762939453,19.450000762939453,19.450000762939453,19.450000762939453,5000,0.0,0.0,0.0,540144
2022-05-17 00:00:00+05:30,19.25,19.25,19.25,19.25,2500,0.0,0.0,0.0,540144
2022-05-18 00:00:00+05:30,19.25,19.25,19.25,19.25,0,0.0,0.0,0.0,540144
2022-05-19 00:00:00+05:30,17.299999237060547,17.299999237060547,17.299999237060547,17.299999237060547,2500,0.0,0.0,0.0,540144
2022-05-20 00:00:00+05:30,17.299999237060547,17.299999237060547,17.299999237060547,17.299999237060547,0,0.0,0.0,0.0,540144
2022-05-23 00:00:00+05:30,17.0,17.0,17.0,17.0,2500,0.0,0.0,0.0,540144
2022-05-24 00:00:00+05:30,17.0,17.0,17.0,17.0,0,0.0,0.0,0.0,540144
2022-05-25 00:00:00+05:30,18.209999084472656,18.209999084472656,18.209999084472656,18.209999084472656,2500,0.0,0.0,0.0,540144
2022-05-26 00:00:00+05:30,18.75,19.600000381469727,18.75,19.600000381469727,7500,0.0,0.0,0.0,540144
2022-05-27 00:00:00+05:30,23.520000457763672,23.520000457763672,18.5,20.0,30000,0.0,0.0,0.0,540144
2022-05-30 00:00:00+05:30,19.0,19.989999771118164,19.0,19.989999771118164,5000,0.0,0.0,0.0,540144
2022-05-31 00:00:00+05:30,19.989999771118164,19.989999771118164,19.989999771118164,19.989999771118164,0,0.0,0.0,0.0,540144
2022-06-01 00:00:00+05:30,22.25,22.25,18.100000381469727,18.100000381469727,20000,0.0,0.0,0.0,540144
2022-06-02 00:00:00+05:30,18.100000381469727,18.100000381469727,18.100000381469727,18.100000381469727,0,0.0,0.0,0.0,540144
2022-06-03 00:00:00+05:30,18.100000381469727,18.100000381469727,18.100000381469727,18.100000381469727,2500,0.0,0.0,0.0,540144
2022-06-06 00:00:00+05:30,18.100000381469727,18.100000381469727,18.100000381469727,18.100000381469727,0,0.0,0.0,0.0,540144
2022-06-07 00:00:00+05:30,18.100000381469727,18.100000381469727,18.100000381469727,18.100000381469727,0,0.0,0.0,0.0,540144
2022-06-08 00:00:00+05:30,18.100000381469727,18.100000381469727,18.100000381469727,18.100000381469727,0,0.0,0.0,0.0,540144
2022-06-09 00:00:00+05:30,18.100000381469727,18.100000381469727,18.100000381469727,18.100000381469727,0,0.0,0.0,0.0,540144
2022-06-10 00:00:00+05:30,18.100000381469727,18.100000381469727,18.100000381469727,18.100000381469727,0,0.0,0.0,0.0,540144
2022-06-13 00:00:00+05:30,18.100000381469727,18.100000381469727,18.100000381469727,18.100000381469727,0,0.0,0.0,0.0,540144
2022-06-14 00:00:00+05:30,18.100000381469727,18.100000381469727,18.100000381469727,18.100000381469727,0,0.0,0.0,0.0,540144
2022-06-15 00:00:00+05:30,18.100000381469727,18.100000381469727,18.100000381469727,18.100000381469727,0,0.0,0.0,0.0,540144
2022-06-16 00:00:00+05:30,18.100000381469727,18.100000381469727,18.100000381469727,18.100000381469727,0,0.0,0.0,0.0,540144
2022-06-17 00:00:00+05:30,18.100000381469727,18.100000381469727,18.100000381469727,18.100000381469727,0,0.0,0.0,0.0,540144
2022-06-20 00:00:00+05:30,18.100000381469727,18.100000381469727,18.100000381469727,18.100000381469727,0,0.0,0.0,0.0,540144
2022-06-21 00:00:00+05:30,15.5,15.5,15.300000190734863,15.399999618530273,5000,0.0,0.0,0.0,540144
2022-06-22 00:00:00+05:30,15.399999618530273,15.399999618530273,15.399999618530273,15.399999618530273,0,0.0,0.0,0.0,540144
2022-06-23 00:00:00+05:30,15.399999618530273,15.399999618530273,15.399999618530273,15.399999618530273,0,0.0,0.0,0.0,540144
2022-06-24 00:00:00+05:30,15.399999618530273,15.399999618530273,15.399999618530273,15.399999618530273,0,0.0,0.0,0.0,540144
2022-06-27 00:00:00+05:30,15.399999618530273,15.399999618530273,15.399999618530273,15.399999618530273,0,0.0,0.0,0.0,540144
2022-06-28 00:00:00+05:30,15.399999618530273,15.399999618530273,15.399999618530273,15.399999618530273,0,0.0,0.0,0.0,540144
2022-06-29 00:00:00+05:30,15.399999618530273,15.399999618530273,15.399999618530273,15.399999618530273,0,0.0,0.0,0.0,540144
2022-06-30 00:00:00+05:30,15.399999618530273,15.399999618530273,15.399999618530273,15.399999618530273,0,0.0,0.0,0.0,540144
2022-07-01 00:00:00+05:30,15.399999618530273,15.399999618530273,15.399999618530273,15.399999618530273,0,0.0,0.0,0.0,540144
2022-07-04 00:00:00+05:30,15.649999618530273,16.0,15.649999618530273,16.0,5000,0.0,0.0,0.0,540144
2022-07-05 00:00:00+05:30,13.949999809265137,16.0,13.949999809265137,16.0,5000,0.0,0.0,0.0,540144
2022-07-06 00:00:00+05:30,16.0,16.0,16.0,16.0,0,0.0,0.0,0.0,540144
2022-07-07 00:00:00+05:30,16.0,16.0,16.0,16.0,0,0.0,0.0,0.0,540144
2022-07-08 00:00:00+05:30,16.899999618530273,19.200000762939453,16.899999618530273,18.75,27500,0.0,0.0,0.0,540144
2022-07-11 00:00:00+05:30,18.75,18.75,18.75,18.75,0,0.0,0.0,0.0,540144
2022-07-12 00:00:00+05:30,17.5,17.5,17.5,17.5,2500,0.0,0.0,0.0,540144
2022-07-13 00:00:00+05:30,20.75,20.75,16.350000381469727,16.350000381469727,5000,0.0,0.0,0.0,540144
2022-07-14 00:00:00+05:30,19.25,19.25,18.899999618530273,18.899999618530273,7500,0.0,0.0,0.0,540144
2022-07-15 00:00:00+05:30,16.75,16.75,16.0,16.0,5000,0.0,0.0,0.0,540144
2022-07-18 00:00:00+05:30,18.950000762939453,19.200000762939453,18.5,19.200000762939453,42500,0.0,0.0,0.0,540144
2022-07-19 00:00:00+05:30,22.0,23.0,21.049999237060547,23.0,165000,0.0,0.0,0.0,540144
2022-07-20 00:00:00+05:30,25.950000762939453,26.0,22.0,24.450000762939453,95000,0.0,0.0,0.0,540144
2022-07-21 00:00:00+05:30,24.5,24.5,22.799999237060547,22.899999618530273,20000,0.0,0.0,0.0,540144
2022-07-22 00:00:00+05:30,23.0,23.950000762939453,22.75,23.75,12500,0.0,0.0,0.0,540144
2022-07-25 00:00:00+05:30,24.600000381469727,24.600000381469727,22.799999237060547,22.799999237060547,17500,0.0,0.0,0.0,540144
2022-07-26 00:00:00+05:30,23.75,23.75,21.950000762939453,21.950000762939453,10000,0.0,0.0,0.0,540144
2022-07-27 00:00:00+05:30,21.549999237060547,21.549999237060547,21.549999237060547,21.549999237060547,2500,0.0,0.0,0.0,540144
2022-07-28 00:00:00+05:30,23.0,23.299999237060547,22.899999618530273,22.899999618530273,12500,0.0,0.0,0.0,540144
2022-07-29 00:00:00+05:30,22.899999618530273,22.899999618530273,22.899999618530273,22.899999618530273,2500,0.0,0.0,0.0,540144
2022-08-01 00:00:00+05:30,22.5,22.600000381469727,22.5,22.549999237060547,7500,0.0,0.0,0.0,540144
2022-08-02 00:00:00+05:30,23.25,23.700000762939453,23.25,23.649999618530273,20000,0.0,0.0,0.0,540144
2022-08-03 00:00:00+05:30,22.549999237060547,23.25,22.399999618530273,23.25,12500,0.0,0.0,0.0,540144
2022-08-04 00:00:00+05:30,22.399999618530273,22.399999618530273,22.350000381469727,22.350000381469727,5000,0.0,0.0,0.0,540144
2022-08-05 00:00:00+05:30,23.549999237060547,25.350000381469727,23.549999237060547,24.5,55000,0.0,0.0,0.0,540144
2022-08-08 00:00:00+05:30,23.75,23.75,23.75,23.75,2500,0.0,0.0,0.0,540144
2022-08-10 00:00:00+05:30,26.0,27.799999237060547,23.850000381469727,24.0,27500,0.0,0.0,0.0,540144
2022-08-11 00:00:00+05:30,26.5,26.5,24.149999618530273,24.299999237060547,25000,0.0,0.0,0.0,540144
2022-08-12 00:00:00+05:30,25.649999618530273,25.649999618530273,24.200000762939453,24.200000762939453,10000,0.0,0.0,0.0,540144
2022-08-16 00:00:00+05:30,24.899999618530273,27.149999618530273,24.899999618530273,26.700000762939453,25000,0.0,0.0,0.0,540144
2022-08-17 00:00:00+05:30,26.600000381469727,26.600000381469727,25.0,25.0,15000,0.0,0.0,0.0,540144
2022-08-18 00:00:00+05:30,25.0,25.0,25.0,25.0,0,0.0,0.0,0.0,540144
2022-08-19 00:00:00+05:30,25.0,25.0,25.0,25.0,0,0.0,0.0,0.0,540144
2022-08-22 00:00:00+05:30,25.0,25.0,25.0,25.0,0,0.0,0.0,0.0,540144
2022-08-23 00:00:00+05:30,25.0,25.0,25.0,25.0,0,0.0,0.0,0.0,540144
2022-08-24 00:00:00+05:30,22.700000762939453,24.549999237060547,22.700000762939453,24.549999237060547,17500,0.0,0.0,0.0,540144
2022-08-25 00:00:00+05:30,23.799999237060547,27.200000762939453,23.799999237060547,27.200000762939453,20000,0.0,0.0,0.0,540144
2022-08-26 00:00:00+05:30,25.0,30.25,25.0,28.899999618530273,50000,0.0,0.0,0.0,540144
2022-08-29 00:00:00+05:30,27.5,30.0,26.899999618530273,29.549999237060547,35000,0.0,0.0,0.0,540144
2022-08-30 00:00:00+05:30,32.0,34.0,30.0,33.75,172500,0.0,0.0,0.0,540144
2022-09-01 00:00:00+05:30,39.0,39.0,33.0,34.0,37500,0.0,0.0,0.0,540144
2022-09-02 00:00:00+05:30,34.0,37.0,34.0,36.5,42500,0.0,0.0,0.0,540144
2022-09-05 00:00:00+05:30,38.0,40.0,38.0,39.29999923706055,32500,0.0,0.0,0.0,540144
2022-09-06 00:00:00+05:30,40.0,41.0,36.0,36.45000076293945,25000,0.0,0.0,0.0,540144
2022-09-07 00:00:00+05:30,38.54999923706055,38.54999923706055,36.04999923706055,37.650001525878906,22500,0.0,0.0,0.0,540144
2022-09-08 00:00:00+05:30,35.099998474121094,35.95000076293945,33.0,35.400001525878906,22500,0.0,0.0,0.0,540144
2022-09-09 00:00:00+05:30,33.150001525878906,33.20000076293945,28.350000381469727,33.20000076293945,32500,0.0,0.0,0.0,540144
2022-09-12 00:00:00+05:30,31.0,31.0,30.5,30.850000381469727,10000,0.0,0.0,0.0,540144
2022-09-13 00:00:00+05:30,31.0,31.0,31.0,31.0,2500,0.0,0.0,0.0,540144
2022-09-14 00:00:00+05:30,29.5,31.299999237060547,29.5,31.149999618530273,22500,0.0,0.0,0.0,540144
2022-09-15 00:00:00+05:30,30.0,32.099998474121094,30.0,32.099998474121094,7500,0.0,0.0,0.0,540144
2022-09-16 00:00:00+05:30,33.45000076293945,33.45000076293945,28.100000381469727,28.649999618530273,50000,0.0,0.0,0.0,540144
2022-09-19 00:00:00+05:30,31.0,31.950000762939453,29.0,31.899999618530273,12500,0.0,0.0,0.0,540144
2022-09-20 00:00:00+05:30,28.75,30.700000762939453,28.75,30.700000762939453,5000,0.0,0.0,0.0,540144
2022-09-21 00:00:00+05:30,30.700000762939453,30.700000762939453,28.100000381469727,30.399999618530273,7500,0.0,0.0,0.0,540144
2022-09-22 00:00:00+05:30,28.649999618530273,28.649999618530273,28.600000381469727,28.600000381469727,7500,0.0,0.0,0.0,540144
2022-09-23 00:00:00+05:30,27.25,28.200000762939453,27.25,28.200000762939453,5000,0.0,0.0,0.0,540144
2022-09-26 00:00:00+05:30,29.5,29.5,27.25,28.600000381469727,22500,0.0,0.0,0.0,540144
2022-09-27 00:00:00+05:30,28.600000381469727,28.600000381469727,28.600000381469727,28.600000381469727,0,0.0,0.0,0.0,540144
2022-09-28 00:00:00+05:30,30.100000381469727,30.100000381469727,29.0,29.0,15000,0.0,0.0,0.0,540144
2022-09-29 00:00:00+05:30,30.100000381469727,30.200000762939453,30.100000381469727,30.200000762939453,5000,0.0,0.0,0.0,540144
2022-09-30 00:00:00+05:30,30.200000762939453,30.200000762939453,30.200000762939453,30.200000762939453,0,0.0,0.0,0.0,540144
2022-10-03 00:00:00+05:30,30.200000762939453,30.200000762939453,30.200000762939453,30.200000762939453,0,0.0,0.0,0.0,540144
2022-10-04 00:00:00+05:30,30.200000762939453,30.200000762939453,30.200000762939453,30.200000762939453,0,0.0,0.0,0.0,540144
2022-10-06 00:00:00+05:30,30.850000381469727,30.850000381469727,30.850000381469727,30.850000381469727,2500,0.0,0.0,0.0,540144
2022-10-07 00:00:00+05:30,30.299999237060547,30.399999618530273,30.299999237060547,30.399999618530273,5000,0.0,0.0,0.0,540144
2022-10-10 00:00:00+05:30,30.399999618530273,30.950000762939453,28.799999237060547,28.799999237060547,12500,0.0,0.0,0.0,540144
2022-10-11 00:00:00+05:30,26.850000381469727,29.0,26.850000381469727,27.950000762939453,5000,0.0,0.0,0.0,540144
2022-10-12 00:00:00+05:30,27.200000762939453,27.200000762939453,27.0,27.0,10000,0.0,0.0,0.0,540144
2022-10-13 00:00:00+05:30,27.0,27.0,27.0,27.0,0,0.0,0.0,0.0,540144
2022-10-14 00:00:00+05:30,27.0,27.0,27.0,27.0,0,0.0,0.0,0.0,540144
2022-10-17 00:00:00+05:30,27.0,27.0,27.0,27.0,0,0.0,0.0,0.0,540144
2022-10-18 00:00:00+05:30,27.0,27.0,27.0,27.0,0,0.0,0.0,0.0,540144
2022-10-19 00:00:00+05:30,27.0,27.0,27.0,27.0,0,0.0,0.0,0.0,540144
2022-10-20 00:00:00+05:30,27.0,27.0,27.0,27.0,0,0.0,0.0,0.0,540144
2022-10-21 00:00:00+05:30,24.0,26.899999618530273,24.0,26.899999618530273,5000,0.0,0.0,0.0,540144
2022-10-24 00:00:00+05:30,26.899999618530273,26.899999618530273,26.899999618530273,26.899999618530273,0,0.0,0.0,0.0,540144
2022-10-25 00:00:00+05:30,26.899999618530273,26.899999618530273,26.899999618530273,26.899999618530273,0,0.0,0.0,0.0,540144
2022-10-27 00:00:00+05:30,25.049999237060547,25.049999237060547,25.049999237060547,25.049999237060547,2500,0.0,0.0,0.0,540144
2022-10-28 00:00:00+05:30,23.149999618530273,25.100000381469727,23.149999618530273,25.100000381469727,7500,0.0,0.0,0.0,540144
2022-10-31 00:00:00+05:30,23.600000381469727,23.950000762939453,23.049999237060547,23.950000762939453,7500,0.0,0.0,0.0,540144
2022-11-01 00:00:00+05:30,23.950000762939453,23.950000762939453,23.950000762939453,23.950000762939453,0,0.0,0.0,0.0,540144
2022-11-02 00:00:00+05:30,23.950000762939453,23.950000762939453,23.950000762939453,23.950000762939453,0,0.0,0.0,0.0,540144
2022-11-03 00:00:00+05:30,22.0,22.950000762939453,22.0,22.950000762939453,10000,0.0,0.0,0.0,540144
2022-11-04 00:00:00+05:30,24.75,24.75,24.75,24.75,2500,0.0,0.0,0.0,540144
2022-11-07 00:00:00+05:30,24.200000762939453,24.899999618530273,24.200000762939453,24.899999618530273,5000,0.0,0.0,0.0,540144
2022-11-09 00:00:00+05:30,25.799999237060547,26.950000762939453,25.799999237060547,26.950000762939453,7500,0.0,0.0,0.0,540144
2022-11-10 00:00:00+05:30,32.20000076293945,32.20000076293945,26.25,26.25,7500,0.0,0.0,0.0,540144
2022-11-11 00:00:00+05:30,26.25,26.25,26.25,26.25,0,0.0,0.0,0.0,540144
2022-11-14 00:00:00+05:30,24.299999237060547,26.5,24.299999237060547,26.5,5000,0.0,0.0,0.0,540144
2022-11-15 00:00:00+05:30,26.5,26.5,26.5,26.5,0,0.0,0.0,0.0,540144
2022-11-16 00:00:00+05:30,26.5,26.5,26.5,26.5,0,0.0,0.0,0.0,540144
2022-11-17 00:00:00+05:30,24.049999237060547,24.049999237060547,24.0,24.0,5000,0.0,0.0,0.0,540144
2022-11-18 00:00:00+05:30,22.549999237060547,22.549999237060547,22.549999237060547,22.549999237060547,2500,0.0,0.0,0.0,540144
2022-11-21 00:00:00+05:30,22.549999237060547,22.549999237060547,22.549999237060547,22.549999237060547,0,0.0,0.0,0.0,540144
2022-11-22 00:00:00+05:30,22.549999237060547,22.549999237060547,22.549999237060547,22.549999237060547,0,0.0,0.0,0.0,540144
2022-11-23 00:00:00+05:30,22.549999237060547,22.549999237060547,22.549999237060547,22.549999237060547,0,0.0,0.0,0.0,540144
2022-11-24 00:00:00+05:30,23.0,24.950000762939453,23.0,24.950000762939453,12500,0.0,0.0,0.0,540144
2022-11-25 00:00:00+05:30,25.5,25.5,25.5,25.5,2500,0.0,0.0,0.0,540144
2022-11-28 00:00:00+05:30,25.5,25.5,25.5,25.5,0,0.0,0.0,0.0,540144
2022-11-29 00:00:00+05:30,25.5,25.5,25.5,25.5,0,0.0,0.0,0.0,540144
2022-11-30 00:00:00+05:30,25.5,25.5,25.5,25.5,0,0.0,0.0,0.0,540144
2022-12-01 00:00:00+05:30,22.700000762939453,25.950000762939453,22.700000762939453,25.899999618530273,7500,0.0,0.0,0.0,540144
2022-12-02 00:00:00+05:30,25.899999618530273,25.899999618530273,25.899999618530273,25.899999618530273,0,0.0,0.0,0.0,540144
2022-12-05 00:00:00+05:30,25.899999618530273,25.899999618530273,25.899999618530273,25.899999618530273,0,0.0,0.0,0.0,540144
2022-12-06 00:00:00+05:30,25.899999618530273,25.899999618530273,25.899999618530273,25.899999618530273,0,0.0,0.0,0.0,540144
2022-12-07 00:00:00+05:30,25.899999618530273,25.899999618530273,25.899999618530273,25.899999618530273,0,0.0,0.0,0.0,540144
2022-12-08 00:00:00+05:30,25.899999618530273,25.899999618530273,25.899999618530273,25.899999618530273,0,0.0,0.0,0.0,540144
2022-12-09 00:00:00+05:30,25.700000762939453,25.700000762939453,23.649999618530273,23.850000381469727,17500,0.0,0.0,0.0,540144
2022-12-12 00:00:00+05:30,23.0,24.850000381469727,23.0,24.850000381469727,5000,0.0,0.0,0.0,540144
2022-12-13 00:00:00+05:30,24.850000381469727,24.850000381469727,24.850000381469727,24.850000381469727,0,0.0,0.0,0.0,540144
2022-12-14 00:00:00+05:30,24.799999237060547,24.799999237060547,24.799999237060547,24.799999237060547,5000,0.0,0.0,0.0,540144
2022-12-15 00:00:00+05:30,24.799999237060547,24.799999237060547,24.799999237060547,24.799999237060547,0,0.0,0.0,0.0,540144
2022-12-16 00:00:00+05:30,24.799999237060547,24.799999237060547,24.799999237060547,24.799999237060547,0,0.0,0.0,0.0,540144
2022-12-19 00:00:00+05:30,24.799999237060547,24.799999237060547,24.799999237060547,24.799999237060547,0,0.0,0.0,0.0,540144
2022-12-20 00:00:00+05:30,24.799999237060547,24.799999237060547,24.799999237060547,24.799999237060547,0,0.0,0.0,0.0,540144
2022-12-21 00:00:00+05:30,28.350000381469727,28.350000381469727,23.5,25.350000381469727,27500,0.0,0.0,0.0,540144
2022-12-22 00:00:00+05:30,23.350000381469727,23.5,23.25,23.5,7500,0.0,0.0,0.0,540144
2022-12-23 00:00:00+05:30,23.5,23.5,23.5,23.5,0,0.0,0.0,0.0,540144
2022-12-26 00:00:00+05:30,22.850000381469727,22.950000762939453,22.850000381469727,22.950000762939453,5000,0.0,0.0,0.0,540144
2022-12-27 00:00:00+05:30,22.950000762939453,22.950000762939453,22.950000762939453,22.950000762939453,0,0.0,0.0,0.0,540144
2022-12-28 00:00:00+05:30,22.950000762939453,22.950000762939453,22.950000762939453,22.950000762939453,0,0.0,0.0,0.0,540144
2022-12-29 00:00:00+05:30,22.950000762939453,22.950000762939453,22.950000762939453,22.950000762939453,0,0.0,0.0,0.0,540144
2022-12-30 00:00:00+05:30,22.950000762939453,22.950000762939453,22.950000762939453,22.950000762939453,0,0.0,0.0,0.0,540144
2023-01-02 00:00:00+05:30,22.950000762939453,22.950000762939453,22.950000762939453,22.950000762939453,0,0.0,0.0,0.0,540144
2023-01-03 00:00:00+05:30,24.950000762939453,25.0,24.950000762939453,25.0,5000,0.0,0.0,0.0,540144
2023-01-04 00:00:00+05:30,25.0,25.0,25.0,25.0,0,0.0,0.0,0.0,540144
2023-01-05 00:00:00+05:30,25.0,25.0,25.0,25.0,0,0.0,0.0,0.0,540144
2023-01-06 00:00:00+05:30,25.0,25.0,25.0,25.0,0,0.0,0.0,0.0,540144
2023-01-09 00:00:00+05:30,26.5,26.5,25.25,25.25,5000,0.0,0.0,0.0,540144
2023-01-10 00:00:00+05:30,23.149999618530273,23.5,23.0,23.5,10000,0.0,0.0,0.0,540144
2023-01-11 00:00:00+05:30,23.5,23.5,23.5,23.5,0,0.0,0.0,0.0,540144
2023-01-12 00:00:00+05:30,23.5,23.5,23.5,23.5,0,0.0,0.0,0.0,540144
2023-01-13 00:00:00+05:30,22.0,23.5,22.0,23.5,17500,0.0,0.0,0.0,540144
2023-01-16 00:00:00+05:30,23.5,23.5,23.5,23.5,0,0.0,0.0,0.0,540144
2023-01-17 00:00:00+05:30,25.5,25.5,25.100000381469727,25.100000381469727,5000,0.0,0.0,0.0,540144
2023-01-18 00:00:00+05:30,24.25,24.25,24.25,24.25,5000,0.0,0.0,0.0,540144
2023-01-19 00:00:00+05:30,24.25,24.25,24.25,24.25,0,0.0,0.0,0.0,540144
2023-01-20 00:00:00+05:30,26.75,26.75,24.5,25.0,7500,0.0,0.0,0.0,540144
2023-01-23 00:00:00+05:30,24.75,24.75,24.75,24.75,2500,0.0,0.0,0.0,540144
2023-01-24 00:00:00+05:30,24.75,24.75,24.75,24.75,0,0.0,0.0,0.0,540144
2023-01-25 00:00:00+05:30,25.0,25.5,25.0,25.0,7500,0.0,0.0,0.0,540144
2023-01-27 00:00:00+05:30,25.0,25.0,25.0,25.0,0,0.0,0.0,0.0,540144
2023-01-30 00:00:00+05:30,25.0,25.0,25.0,25.0,0,0.0,0.0,0.0,540144
2023-01-31 00:00:00+05:30,25.0,25.0,25.0,25.0,0,0.0,0.0,0.0,540144
2023-02-01 00:00:00+05:30,25.0,25.0,25.0,25.0,0,0.0,0.0,0.0,540144
2023-02-02 00:00:00+05:30,22.549999237060547,24.0,22.5,24.0,17500,0.0,0.0,0.0,540144
2023-02-03 00:00:00+05:30,24.0,24.0,24.0,24.0,0,0.0,0.0,0.0,540144
2023-02-06 00:00:00+05:30,24.0,24.0,24.0,24.0,0,0.0,0.0,0.0,540144
2023-02-07 00:00:00+05:30,24.0,24.0,24.0,24.0,0,0.0,0.0,0.0,540144
2023-02-08 00:00:00+05:30,22.25,22.75,22.200000762939453,22.75,20000,0.0,0.0,0.0,540144
2023-02-09 00:00:00+05:30,21.649999618530273,25.049999237060547,21.600000381469727,22.149999618530273,42500,0.0,0.0,0.0,540144
2023-02-10 00:00:00+05:30,22.149999618530273,22.149999618530273,22.149999618530273,22.149999618530273,0,0.0,0.0,0.0,540144
2023-02-13 00:00:00+05:30,22.0,22.0,22.0,22.0,5000,0.0,0.0,0.0,540144
2023-02-14 00:00:00+05:30,22.0,22.0,22.0,22.0,0,0.0,0.0,0.0,540144
2023-02-15 00:00:00+05:30,22.0,22.0,22.0,22.0,0,0.0,0.0,0.0,540144
2023-02-16 00:00:00+05:30,22.0,22.0,22.0,22.0,5000,0.0,0.0,0.0,540144
2023-02-17 00:00:00+05:30,22.0,22.0,22.0,22.0,0,0.0,0.0,0.0,540144
2023-02-20 00:00:00+05:30,21.5,21.5,20.75,20.75,5000,0.0,0.0,0.0,540144
2023-02-21 00:00:00+05:30,20.75,20.75,20.75,20.75,0,0.0,0.0,0.0,540144
2023-02-22 00:00:00+05:30,20.799999237060547,21.0,20.299999237060547,21.0,15000,0.0,0.0,0.0,540144
2023-02-23 00:00:00+05:30,20.25,20.25,19.100000381469727,19.100000381469727,15000,0.0,0.0,0.0,540144
2023-02-24 00:00:00+05:30,19.100000381469727,19.100000381469727,19.100000381469727,19.100000381469727,0,0.0,0.0,0.0,540144
2023-02-27 00:00:00+05:30,19.100000381469727,19.100000381469727,19.100000381469727,19.100000381469727,0,0.0,0.0,0.0,540144
2023-02-28 00:00:00+05:30,19.100000381469727,19.100000381469727,19.100000381469727,19.100000381469727,0,0.0,0.0,0.0,540144
2023-03-01 00:00:00+05:30,19.100000381469727,19.100000381469727,19.100000381469727,19.100000381469727,0,0.0,0.0,0.0,540144
2023-03-02 00:00:00+05:30,22.25,22.25,22.25,22.25,2500,0.0,0.0,0.0,540144
2023-03-03 00:00:00+05:30,22.5,22.5,22.5,22.5,2500,0.0,0.0,0.0,540144
2023-03-06 00:00:00+05:30,22.5,22.5,22.5,22.5,0,0.0,0.0,0.0,540144
2023-03-08 00:00:00+05:30,19.65999984741211,20.350000381469727,18.850000381469727,20.200000762939453,17500,0.0,0.0,0.0,540144
2023-03-09 00:00:00+05:30,20.200000762939453,20.200000762939453,20.200000762939453,20.200000762939453,0,0.0,0.0,0.0,540144
2023-03-10 00:00:00+05:30,19.0,19.200000762939453,19.0,19.200000762939453,7500,0.0,0.0,0.0,540144
2023-03-13 00:00:00+05:30,19.200000762939453,20.950000762939453,19.200000762939453,20.950000762939453,12500,0.0,0.0,0.0,540144
2023-03-14 00:00:00+05:30,20.950000762939453,20.950000762939453,20.950000762939453,20.950000762939453,0,0.0,0.0,0.0,540144
2023-03-15 00:00:00+05:30,17.510000228881836,23.600000381469727,17.510000228881836,19.200000762939453,17500,0.0,0.0,0.0,540144
2023-03-16 00:00:00+05:30,18.5,21.450000762939453,18.299999237060547,21.450000762939453,65000,0.0,0.0,0.0,540144
2023-03-17 00:00:00+05:30,21.450000762939453,21.450000762939453,21.450000762939453,21.450000762939453,0,0.0,0.0,0.0,540144
2023-03-20 00:00:00+05:30,23.100000381469727,23.100000381469727,22.540000915527344,22.540000915527344,5000,0.0,0.0,0.0,540144
2023-03-21 00:00:00+05:30,23.350000381469727,23.989999771118164,18.850000381469727,21.940000534057617,27500,0.0,0.0,0.0,540144
2023-03-22 00:00:00+05:30,18.5,23.989999771118164,18.5,19.829999923706055,7500,0.0,0.0,0.0,540144
2023-03-23 00:00:00+05:30,21.739999771118164,21.739999771118164,21.0,21.0,7500,0.0,0.0,0.0,540144
2023-03-24 00:00:00+05:30,18.600000381469727,21.739999771118164,18.600000381469727,21.739999771118164,7500,0.0,0.0,0.0,540144
2023-03-27 00:00:00+05:30,21.739999771118164,21.739999771118164,21.739999771118164,21.739999771118164,0,0.0,0.0,0.0,540144
2023-03-28 00:00:00+05:30,21.479999542236328,21.479999542236328,19.5,19.950000762939453,7500,0.0,0.0,0.0,540144
2023-03-29 00:00:00+05:30,18.75,21.799999237060547,17.149999618530273,21.600000381469727,12500,0.0,0.0,0.0,540144
2023-03-31 00:00:00+05:30,19.299999237060547,22.299999237060547,19.299999237060547,19.899999618530273,7500,0.0,0.0,0.0,540144
2023-04-03 00:00:00+05:30,19.899999618530273,19.899999618530273,19.899999618530273,19.899999618530273,0,0.0,0.0,0.0,540144
2023-04-05 00:00:00+05:30,19.899999618530273,19.899999618530273,19.899999618530273,19.899999618530273,2500,0.0,0.0,0.0,540144
2023-04-06 00:00:00+05:30,19.899999618530273,19.899999618530273,19.899999618530273,19.899999618530273,0,0.0,0.0,0.0,540144
2023-04-10 00:00:00+05:30,19.899999618530273,19.899999618530273,19.899999618530273,19.899999618530273,0,0.0,0.0,0.0,540144
2023-04-11 00:00:00+05:30,19.899999618530273,19.899999618530273,19.899999618530273,19.899999618530273,0,0.0,0.0,0.0,540144
2023-04-12 00:00:00+05:30,19.899999618530273,19.899999618530273,19.899999618530273,19.899999618530273,0,0.0,0.0,0.0,540144
2023-04-13 00:00:00+05:30,19.0,19.850000381469727,19.0,19.850000381469727,7500,0.0,0.0,0.0,540144
2023-04-17 00:00:00+05:30,19.850000381469727,19.850000381469727,19.850000381469727,19.850000381469727,0,0.0,0.0,0.0,540144
2023-04-18 00:00:00+05:30,19.850000381469727,19.850000381469727,19.850000381469727,19.850000381469727,0,0.0,0.0,0.0,540144
2023-04-19 00:00:00+05:30,18.610000610351562,20.0,18.600000381469727,20.0,7500,0.0,0.0,0.0,540144
2023-04-20 00:00:00+05:30,20.0,20.0,19.0,19.700000762939453,12500,0.0,0.0,0.0,540144
2023-04-21 00:00:00+05:30,19.700000762939453,19.700000762939453,19.700000762939453,19.700000762939453,0,0.0,0.0,0.0,540144
2023-04-24 00:00:00+05:30,19.0,20.0,19.0,19.350000381469727,17500,0.0,0.0,0.0,540144
2023-04-25 00:00:00+05:30,19.600000381469727,23.200000762939453,19.600000381469727,22.579999923706055,40000,0.0,0.0,0.0,540144
2023-04-26 00:00:00+05:30,24.5,25.290000915527344,24.5,25.0,15000,0.0,0.0,0.0,540144
2023-04-27 00:00:00+05:30,25.0,25.0,25.0,25.0,0,0.0,0.0,0.0,540144
2023-04-28 00:00:00+05:30,27.290000915527344,30.0,27.290000915527344,30.0,132500,0.0,0.0,0.0,540144
2023-05-02 00:00:00+05:30,32.9900016784668,32.9900016784668,28.0,29.43000030517578,37500,0.0,0.0,0.0,540144
2023-05-03 00:00:00+05:30,27.0,27.0,26.489999771118164,26.489999771118164,30000,0.0,0.0,0.0,540144
2023-05-04 00:00:00+05:30,25.049999237060547,26.5,25.049999237060547,26.0,17500,0.0,0.0,0.0,540144
2023-05-05 00:00:00+05:30,26.0,26.0,26.0,26.0,0,0.0,0.0,0.0,540144
2023-05-08 00:00:00+05:30,26.0,26.0,26.0,26.0,2500,0.0,0.0,0.0,540144
2023-05-09 00:00:00+05:30,25.010000228881836,25.010000228881836,25.010000228881836,25.010000228881836,2500,0.0,0.0,0.0,540144
2023-05-10 00:00:00+05:30,23.5,23.5,22.610000610351562,22.610000610351562,10000,0.0,0.0,0.0,540144
2023-05-11 00:00:00+05:30,21.549999237060547,22.989999771118164,21.549999237060547,22.040000915527344,15000,0.0,0.0,0.0,540144
2023-05-12 00:00:00+05:30,21.520000457763672,21.520000457763672,21.010000228881836,21.5,10000,0.0,0.0,0.0,540144
2023-05-15 00:00:00+05:30,21.5,21.5,21.5,21.5,0,0.0,0.0,0.0,540144
2023-05-16 00:00:00+05:30,22.899999618530273,22.899999618530273,22.200000762939453,22.200000762939453,7500,0.0,0.0,0.0,540144
2023-05-17 00:00:00+05:30,22.5,22.5,21.799999237060547,22.25,7500,0.0,0.0,0.0,540144
2023-05-18 00:00:00+05:30,22.200000762939453,22.200000762939453,21.010000228881836,21.3799991607666,30000,0.0,0.0,0.0,540144
2023-05-19 00:00:00+05:30,21.799999237060547,21.989999771118164,21.790000915527344,21.84000015258789,12500,0.0,0.0,0.0,540144
2023-05-22 00:00:00+05:30,21.989999771118164,22.25,21.989999771118164,22.0,7500,0.0,0.0,0.0,540144
2023-05-23 00:00:00+05:30,22.0,22.0,22.0,22.0,5000,0.0,0.0,0.0,540144
2023-05-24 00:00:00+05:30,22.25,23.100000381469727,22.25,23.100000381469727,25000,0.0,0.0,0.0,540144
2023-05-25 00:00:00+05:30,24.09000015258789,24.25,24.09000015258789,24.25,17500,0.0,0.0,0.0,540144
2023-05-26 00:00:00+05:30,25.459999084472656,25.459999084472656,25.459999084472656,25.459999084472656,7500,0.0,0.0,0.0,540144
2023-05-29 00:00:00+05:30,26.719999313354492,26.729999542236328,26.68000030517578,26.700000762939453,20000,0.0,0.0,0.0,540144
2023-05-30 00:00:00+05:30,27.829999923706055,28.030000686645508,26.329999923706055,27.850000381469727,50000,0.0,0.0,0.0,540144
2023-05-31 00:00:00+05:30,27.850000381469727,28.889999389648438,27.010000228881836,28.219999313354492,27500,0.0,0.0,0.0,540144
2023-06-01 00:00:00+05:30,29.299999237060547,29.6299991607666,29.0,29.6299991607666,40000,0.0,0.0,0.0,540144
2023-06-02 00:00:00+05:30,30.899999618530273,31.0,30.799999237060547,31.0,22500,0.0,0.0,0.0,540144
2023-06-05 00:00:00+05:30,29.549999237060547,29.600000381469727,29.549999237060547,29.579999923706055,12500,0.0,0.0,0.0,540144
2023-06-06 00:00:00+05:30,29.0,30.5,29.0,30.5,5000,0.0,0.0,0.0,540144
2023-06-07 00:00:00+05:30,30.5,30.5,30.5,30.5,0,0.0,0.0,0.0,540144
2023-06-08 00:00:00+05:30,29.170000076293945,29.170000076293945,28.979999542236328,28.979999542236328,5000,0.0,0.0,0.0,540144
2023-06-09 00:00:00+05:30,28.979999542236328,28.979999542236328,28.979999542236328,28.979999542236328,0,0.0,0.0,0.0,540144
2023-06-12 00:00:00+05:30,29.010000228881836,29.010000228881836,28.8799991607666,28.8799991607666,15000,0.0,0.0,0.0,540144
2023-06-13 00:00:00+05:30,27.56999969482422,27.56999969482422,27.520000457763672,27.520000457763672,10000,0.0,0.0,0.0,540144
2023-06-14 00:00:00+05:30,26.610000610351562,27.8700008392334,26.200000762939453,27.5,15000,0.0,0.0,0.0,540144
2023-06-15 00:00:00+05:30,27.0,28.530000686645508,27.0,28.239999771118164,7500,0.0,0.0,0.0,540144
2023-06-16 00:00:00+05:30,28.239999771118164,28.239999771118164,28.239999771118164,28.239999771118164,0,0.0,0.0,0.0,540144
2023-06-19 00:00:00+05:30,28.239999771118164,28.239999771118164,28.239999771118164,28.239999771118164,0,0.0,0.0,0.0,540144
2023-06-20 00:00:00+05:30,29.649999618530273,29.649999618530273,27.600000381469727,27.649999618530273,10000,0.0,0.0,0.0,540144
2023-06-21 00:00:00+05:30,28.0,28.0,26.31999969482422,26.31999969482422,10000,0.0,0.0,0.0,540144
2023-06-22 00:00:00+05:30,26.0,26.0,26.0,26.0,10000,0.0,0.0,0.0,540144
2023-06-23 00:00:00+05:30,26.0,26.0,26.0,26.0,0,0.0,0.0,0.0,540144
2023-06-26 00:00:00+05:30,26.0,26.0,26.0,26.0,0,0.0,0.0,0.0,540144
2023-06-27 00:00:00+05:30,26.0,26.0,26.0,26.0,0,0.0,0.0,0.0,540144
2023-06-28 00:00:00+05:30,26.0,26.0,26.0,26.0,0,0.0,0.0,0.0,540144
2023-06-30 00:00:00+05:30,26.0,26.0,26.0,26.0,5000,0.0,0.0,0.0,540144
2023-07-03 00:00:00+05:30,27.0,27.0,26.0,26.0,7500,0.0,0.0,0.0,540144
2023-07-04 00:00:00+05:30,25.25,25.25,25.25,25.25,2500,0.0,0.0,0.0,540144
2023-07-05 00:00:00+05:30,25.25,25.25,25.25,25.25,0,0.0,0.0,0.0,540144
2023-07-06 00:00:00+05:30,25.25,25.25,25.25,25.25,5000,0.0,0.0,0.0,540144
2023-07-07 00:00:00+05:30,25.989999771118164,26.0,25.989999771118164,26.0,7500,0.0,0.0,0.0,540144
2023-07-10 00:00:00+05:30,25.5,26.0,25.5,26.0,5000,0.0,0.0,0.0,540144
2023-07-11 00:00:00+05:30,26.0,26.0,26.0,26.0,2500,0.0,0.0,0.0,540144
2023-07-12 00:00:00+05:30,25.25,25.25,25.010000228881836,25.010000228881836,5000,0.0,0.0,0.0,540144
2023-07-13 00:00:00+05:30,26.200000762939453,26.200000762939453,26.200000762939453,26.200000762939453,2500,0.0,0.0,0.0,540144
2023-07-14 00:00:00+05:30,26.200000762939453,26.200000762939453,26.200000762939453,26.200000762939453,0,0.0,0.0,0.0,540144
2023-07-17 00:00:00+05:30,26.200000762939453,26.200000762939453,26.200000762939453,26.200000762939453,0,0.0,0.0,0.0,540144
2023-07-18 00:00:00+05:30,26.200000762939453,26.200000762939453,26.200000762939453,26.200000762939453,0,0.0,0.0,0.0,540144
2023-07-19 00:00:00+05:30,25.25,25.25,25.25,25.25,5000,0.0,0.0,0.0,540144
2023-07-20 00:00:00+05:30,25.25,25.25,25.25,25.25,0,0.0,0.0,0.0,540144
2023-07-21 00:00:00+05:30,25.25,25.25,25.25,25.25,0,0.0,0.0,0.0,540144
2023-07-24 00:00:00+05:30,24.440000534057617,24.440000534057617,24.440000534057617,24.440000534057617,2500,0.0,0.0,0.0,540144
2023-07-25 00:00:00+05:30,24.969999313354492,24.989999771118164,24.969999313354492,24.989999771118164,5000,0.0,0.0,0.0,540144
2023-07-26 00:00:00+05:30,24.989999771118164,24.989999771118164,24.989999771118164,24.989999771118164,7500,0.0,0.0,0.0,540144
2023-07-27 00:00:00+05:30,24.989999771118164,24.989999771118164,24.989999771118164,24.989999771118164,0,0.0,0.0,0.0,540144
2023-07-28 00:00:00+05:30,24.989999771118164,24.989999771118164,24.989999771118164,24.989999771118164,2500,0.0,0.0,0.0,540144
2023-07-31 00:00:00+05:30,24.489999771118164,24.489999771118164,24.479999542236328,24.479999542236328,5000,0.0,0.0,0.0,540144
2023-08-01 00:00:00+05:30,24.010000228881836,24.010000228881836,23.280000686645508,23.989999771118164,15000,0.0,0.0,0.0,540144
2023-08-02 00:00:00+05:30,22.90999984741211,22.90999984741211,22.90999984741211,22.90999984741211,5000,0.0,0.0,0.0,540144
2023-08-03 00:00:00+05:30,24.040000915527344,24.049999237060547,24.0,24.049999237060547,20000,0.0,0.0,0.0,540144
2023-08-04 00:00:00+05:30,25.25,25.25,23.559999465942383,25.110000610351562,12500,0.0,0.0,0.0,540144
2023-08-07 00:00:00+05:30,25.0,25.100000381469727,25.0,25.030000686645508,25000,0.0,0.0,0.0,540144
2023-08-08 00:00:00+05:30,24.049999237060547,24.049999237060547,24.0,24.0,20000,0.0,0.0,0.0,540144
2023-08-09 00:00:00+05:30,24.0,24.0,24.0,24.0,0,0.0,0.0,0.0,540144
2023-08-10 00:00:00+05:30,23.520000457763672,26.399999618530273,23.489999771118164,26.190000534057617,20000,0.0,0.0,0.0,540144
2023-08-11 00:00:00+05:30,26.5,26.5,24.799999237060547,24.799999237060547,15000,0.0,0.0,0.0,540144
2023-08-14 00:00:00+05:30,26.190000534057617,26.200000762939453,26.190000534057617,26.200000762939453,7500,0.0,0.0,0.0,540144
2023-08-16 00:00:00+05:30,26.200000762939453,26.200000762939453,26.200000762939453,26.200000762939453,0,0.0,0.0,0.0,540144
2023-08-17 00:00:00+05:30,26.200000762939453,26.200000762939453,26.200000762939453,26.200000762939453,0,0.0,0.0,0.0,540144
2023-08-18 00:00:00+05:30,26.0,26.0,25.5,25.5,5000,0.0,0.0,0.0,540144
2023-08-21 00:00:00+05:30,25.5,25.5,25.5,25.5,0,0.0,0.0,0.0,540144
2023-08-22 00:00:00+05:30,28.0,28.049999237060547,26.350000381469727,27.940000534057617,72500,0.0,0.0,0.0,540144
2023-08-23 00:00:00+05:30,30.200000762939453,30.729999542236328,29.5,30.729999542236328,55000,0.0,0.0,0.0,540144
2023-08-24 00:00:00+05:30,33.70000076293945,33.70000076293945,29.899999618530273,30.0,22500,0.0,0.0,0.0,540144
2023-08-25 00:00:00+05:30,31.0,31.0,31.0,31.0,2500,0.0,0.0,0.0,540144
2023-08-28 00:00:00+05:30,28.399999618530273,28.399999618530273,28.399999618530273,28.399999618530273,2500,0.0,0.0,0.0,540144
2023-08-29 00:00:00+05:30,28.399999618530273,28.399999618530273,28.399999618530273,28.399999618530273,0,0.0,0.0,0.0,540144
2023-08-30 00:00:00+05:30,28.950000762939453,28.950000762939453,28.899999618530273,28.899999618530273,5000,0.0,0.0,0.0,540144
2023-08-31 00:00:00+05:30,28.950000762939453,31.790000915527344,28.0,30.09000015258789,62500,0.0,0.0,0.0,540144
2023-09-01 00:00:00+05:30,32.4900016784668,33.09000015258789,30.059999465942383,33.09000015258789,107500,0.0,0.0,0.0,540144
2023-09-04 00:00:00+05:30,35.9900016784668,35.9900016784668,33.0,34.790000915527344,22500,0.0,0.0,0.0,540144
2023-09-05 00:00:00+05:30,31.6200008392334,32.810001373291016,31.6200008392334,32.65999984741211,25000,0.0,0.0,0.0,540144
2023-09-06 00:00:00+05:30,32.5,32.5,31.5,31.5,7500,0.0,0.0,0.0,540144
2023-09-07 00:00:00+05:30,31.450000762939453,31.450000762939453,31.450000762939453,31.450000762939453,2500,0.0,0.0,0.0,540144
2023-09-08 00:00:00+05:30,31.450000762939453,31.450000762939453,31.450000762939453,31.450000762939453,0,0.0,0.0,0.0,540144
2023-09-11 00:00:00+05:30,31.399999618530273,31.399999618530273,30.0,30.0,17500,0.0,0.0,0.0,540144
2023-09-12 00:00:00+05:30,28.600000381469727,28.600000381469727,28.600000381469727,28.600000381469727,2500,0.0,0.0,0.0,540144
2023-09-13 00:00:00+05:30,28.600000381469727,28.600000381469727,28.600000381469727,28.600000381469727,0,0.0,0.0,0.0,540144
2023-09-14 00:00:00+05:30,28.600000381469727,28.600000381469727,28.600000381469727,28.600000381469727,0,0.0,0.0,0.0,540144
2023-09-15 00:00:00+05:30,28.600000381469727,28.600000381469727,28.600000381469727,28.600000381469727,0,0.0,0.0,0.0,540144
2023-09-18 00:00:00+05:30,28.600000381469727,28.600000381469727,28.600000381469727,28.600000381469727,2500,0.0,0.0,0.0,540144
2023-09-20 00:00:00+05:30,28.600000381469727,28.600000381469727,28.600000381469727,28.600000381469727,2500,0.0,0.0,0.0,540144
2023-09-21 00:00:00+05:30,28.600000381469727,28.600000381469727,28.600000381469727,28.600000381469727,0,0.0,0.0,0.0,540144
2023-09-22 00:00:00+05:30,27.799999237060547,27.799999237060547,27.799999237060547,27.799999237060547,7500,0.0,0.0,0.0,540144
2023-09-25 00:00:00+05:30,27.799999237060547,27.799999237060547,27.799999237060547,27.799999237060547,2500,0.0,0.0,0.0,540144
2023-09-26 00:00:00+05:30,27.799999237060547,27.799999237060547,27.799999237060547,27.799999237060547,0,0.0,0.0,0.0,540144
2023-09-27 00:00:00+05:30,27.799999237060547,27.799999237060547,27.799999237060547,27.799999237060547,0,0.0,0.0,0.0,540144
2023-09-28 00:00:00+05:30,29.75,30.0,29.75,30.0,7500,0.0,0.0,0.0,540144
2023-09-29 00:00:00+05:30,30.0,30.0,30.0,30.0,2500,0.0,0.0,0.0,540144
2023-10-03 00:00:00+05:30,30.0,30.0,30.0,30.0,0,0.0,0.0,0.0,540144
2023-10-04 00:00:00+05:30,30.0,30.0,30.0,30.0,0,0.0,0.0,0.0,540144
2023-10-05 00:00:00+05:30,30.0,30.0,30.0,30.0,0,0.0,0.0,0.0,540144
2023-10-06 00:00:00+05:30,30.0,30.0,30.0,30.0,0,0.0,0.0,0.0,540144
2023-10-09 00:00:00+05:30,30.0,31.75,30.0,31.700000762939453,10000,0.0,0.0,0.0,540144
2023-10-10 00:00:00+05:30,30.899999618530273,31.0,30.899999618530273,31.0,5000,0.0,0.0,0.0,540144
2023-10-11 00:00:00+05:30,31.0,32.0,31.0,31.5,17500,0.0,0.0,0.0,540144
2023-10-12 00:00:00+05:30,31.5,31.5,31.5,31.5,2500,0.0,0.0,0.0,540144
2023-10-13 00:00:00+05:30,28.049999237060547,29.5,28.049999237060547,29.5,10000,0.0,0.0,0.0,540144
2023-10-16 00:00:00+05:30,29.5,29.5,29.5,29.5,0,0.0,0.0,0.0,540144
2023-10-17 00:00:00+05:30,29.100000381469727,29.100000381469727,29.100000381469727,29.100000381469727,2500,0.0,0.0,0.0,540144
2023-10-18 00:00:00+05:30,26.700000762939453,28.700000762939453,26.600000381469727,28.700000762939453,10000,0.0,0.0,0.0,540144
2023-10-19 00:00:00+05:30,28.600000381469727,30.0,28.5,29.399999618530273,30000,0.0,0.0,0.0,540144
2023-10-20 00:00:00+05:30,28.5,28.5,25.110000610351562,27.790000915527344,20000,0.0,0.0,0.0,540144
2023-10-23 00:00:00+05:30,28.350000381469727,28.399999618530273,24.110000610351562,25.440000534057617,17500,0.0,0.0,0.0,540144
2023-10-25 00:00:00+05:30,25.440000534057617,25.440000534057617,25.440000534057617,25.440000534057617,0,0.0,0.0,0.0,540144
2023-10-26 00:00:00+05:30,25.440000534057617,25.440000534057617,25.440000534057617,25.440000534057617,0,0.0,0.0,0.0,540144
2023-10-27 00:00:00+05:30,25.440000534057617,25.440000534057617,25.440000534057617,25.440000534057617,0,0.0,0.0,0.0,540144
2023-10-30 00:00:00+05:30,25.440000534057617,25.440000534057617,25.440000534057617,25.440000534057617,0,0.0,0.0,0.0,540144
2023-10-31 00:00:00+05:30,26.299999237060547,26.700000762939453,26.299999237060547,26.700000762939453,5000,0.0,0.0,0.0,540144
2023-11-01 00:00:00+05:30,26.5,26.5,26.5,26.5,2500,0.0,0.0,0.0,540144
2023-11-02 00:00:00+05:30,29.829999923706055,29.829999923706055,29.09000015258789,29.09000015258789,5000,0.0,0.0,0.0,540144
2023-11-03 00:00:00+05:30,29.09000015258789,29.09000015258789,29.09000015258789,29.09000015258789,0,0.0,0.0,0.0,540144
2023-11-06 00:00:00+05:30,29.09000015258789,29.09000015258789,29.09000015258789,29.09000015258789,0,0.0,0.0,0.0,540144
2023-11-07 00:00:00+05:30,29.09000015258789,29.09000015258789,29.09000015258789,29.09000015258789,0,0.0,0.0,0.0,540144
2023-11-08 00:00:00+05:30,27.5,28.489999771118164,27.5,28.489999771118164,12500,0.0,0.0,0.0,540144
2023-11-09 00:00:00+05:30,28.489999771118164,28.489999771118164,28.489999771118164,28.489999771118164,0,0.0,0.0,0.0,540144
2023-11-10 00:00:00+05:30,28.489999771118164,28.489999771118164,28.489999771118164,28.489999771118164,0,0.0,0.0,0.0,540144
2023-11-13 00:00:00+05:30,29.0,29.0,29.0,29.0,0,0.0,0.0,0.0,540144
2023-11-15 00:00:00+05:30,24.809999465942383,29.700000762939453,24.809999465942383,26.56999969482422,12500,0.0,0.0,0.0,540144
2023-11-16 00:00:00+05:30,26.56999969482422,26.56999969482422,26.56999969482422,26.56999969482422,0,0.0,0.0,0.0,540144
2023-11-17 00:00:00+05:30,25.149999618530273,25.360000610351562,25.149999618530273,25.360000610351562,7500,0.0,0.0,0.0,540144
2023-11-20 00:00:00+05:30,25.360000610351562,25.360000610351562,25.360000610351562,25.360000610351562,0,0.0,0.0,0.0,540144
2023-11-21 00:00:00+05:30,25.360000610351562,25.360000610351562,25.360000610351562,25.360000610351562,0,0.0,0.0,0.0,540144
2023-11-22 00:00:00+05:30,25.360000610351562,25.360000610351562,25.360000610351562,25.360000610351562,0,0.0,0.0,0.0,540144
2023-11-23 00:00:00+05:30,25.360000610351562,25.360000610351562,25.360000610351562,25.360000610351562,0,0.0,0.0,0.0,540144
2023-11-24 00:00:00+05:30,29.940000534057617,29.940000534057617,25.100000381469727,25.950000762939453,17500,0.0,0.0,0.0,540144
2023-11-28 00:00:00+05:30,25.950000762939453,25.950000762939453,25.950000762939453,25.950000762939453,0,0.0,0.0,0.0,540144
2023-11-29 00:00:00+05:30,25.950000762939453,25.950000762939453,25.950000762939453,25.950000762939453,0,0.0,0.0,0.0,540144
2023-11-30 00:00:00+05:30,24.5,24.5,24.5,24.5,2500,0.0,0.0,0.0,540144
2023-12-01 00:00:00+05:30,27.639999389648438,27.639999389648438,27.389999389648438,27.389999389648438,5000,0.0,0.0,0.0,540144
2023-12-04 00:00:00+05:30,24.850000381469727,24.850000381469727,24.850000381469727,24.850000381469727,2500,0.0,0.0,0.0,540144
2023-12-05 00:00:00+05:30,24.850000381469727,24.850000381469727,24.850000381469727,24.850000381469727,0,0.0,0.0,0.0,540144
2023-12-06 00:00:00+05:30,25.040000915527344,25.040000915527344,25.040000915527344,25.040000915527344,2500,0.0,0.0,0.0,540144
2023-12-07 00:00:00+05:30,26.0,29.979999542236328,25.899999618530273,28.0,67500,0.0,0.0,0.0,540144
2023-12-08 00:00:00+05:30,28.100000381469727,31.489999771118164,27.5,29.899999618530273,20000,0.0,0.0,0.0,540144
2023-12-11 00:00:00+05:30,29.899999618530273,29.899999618530273,29.899999618530273,29.899999618530273,0,0.0,0.0,0.0,540144
2023-12-12 00:00:00+05:30,29.899999618530273,29.899999618530273,29.899999618530273,29.899999618530273,0,0.0,0.0,0.0,540144
2023-12-13 00:00:00+05:30,29.899999618530273,29.899999618530273,29.899999618530273,29.899999618530273,0,0.0,0.0,0.0,540144
2023-12-14 00:00:00+05:30,26.959999084472656,28.0,26.959999084472656,28.0,5000,0.0,0.0,0.0,540144
2023-12-15 00:00:00+05:30,29.0,33.33000183105469,29.0,30.899999618530273,20000,0.0,0.0,0.0,540144
2023-12-18 00:00:00+05:30,33.45000076293945,33.45000076293945,33.45000076293945,33.45000076293945,2500,0.0,0.0,0.0,540144
2023-12-19 00:00:00+05:30,33.45000076293945,33.45000076293945,33.45000076293945,33.45000076293945,0,0.0,0.0,0.0,540144
2023-12-20 00:00:00+05:30,29.049999237060547,32.880001068115234,29.049999237060547,29.100000381469727,17500,0.0,0.0,0.0,540144
2023-12-21 00:00:00+05:30,29.100000381469727,29.100000381469727,29.100000381469727,29.100000381469727,0,0.0,0.0,0.0,540144
2023-12-22 00:00:00+05:30,29.100000381469727,29.100000381469727,29.100000381469727,29.100000381469727,0,0.0,0.0,0.0,540144
2023-12-26 00:00:00+05:30,29.100000381469727,29.100000381469727,29.100000381469727,29.100000381469727,0,0.0,0.0,0.0,540144
2023-12-27 00:00:00+05:30,29.100000381469727,29.100000381469727,29.100000381469727,29.100000381469727,0,0.0,0.0,0.0,540144
2023-12-28 00:00:00+05:30,29.100000381469727,29.100000381469727,29.100000381469727,29.100000381469727,2500,0.0,0.0,0.0,540144
2023-12-29 00:00:00+05:30,29.100000381469727,29.100000381469727,29.100000381469727,29.100000381469727,0,0.0,0.0,0.0,540144
2024-01-01 00:00:00+05:30,29.100000381469727,29.100000381469727,29.100000381469727,29.100000381469727,0,0.0,0.0,0.0,540144
2024-01-02 00:00:00+05:30,29.5,29.5,29.5,29.5,2500,0.0,0.0,0.0,540144
2024-01-03 00:00:00+05:30,29.5,29.5,29.5,29.5,2500,0.0,0.0,0.0,540144
2024-01-04 00:00:00+05:30,29.5,29.5,29.5,29.5,0,0.0,0.0,0.0,540144
2024-01-05 00:00:00+05:30,29.5,29.5,29.5,29.5,0,0.0,0.0,0.0,540144
2024-01-08 00:00:00+05:30,29.5,29.5,29.5,29.5,0,0.0,0.0,0.0,540144
2024-01-09 00:00:00+05:30,27.020000457763672,27.020000457763672,27.020000457763672,27.020000457763672,2500,0.0,0.0,0.0,540144
2024-01-10 00:00:00+05:30,30.299999237060547,30.299999237060547,26.34000015258789,28.190000534057617,7500,0.0,0.0,0.0,540144
2024-01-11 00:00:00+05:30,28.190000534057617,28.190000534057617,28.190000534057617,28.190000534057617,0,0.0,0.0,0.0,540144
2024-01-12 00:00:00+05:30,27.420000076293945,28.399999618530273,27.31999969482422,27.31999969482422,10000,0.0,0.0,0.0,540144
2024-01-15 00:00:00+05:30,26.600000381469727,29.670000076293945,26.600000381469727,29.670000076293945,5000,0.0,0.0,0.0,540144
2024-01-16 00:00:00+05:30,29.670000076293945,29.670000076293945,29.670000076293945,29.670000076293945,0,0.0,0.0,0.0,540144
2024-01-17 00:00:00+05:30,25.219999313354492,26.600000381469727,25.219999313354492,26.600000381469727,7500,0.0,0.0,0.0,540144
2024-01-18 00:00:00+05:30,26.600000381469727,26.600000381469727,26.600000381469727,26.600000381469727,0,0.0,0.0,0.0,540144
2024-01-19 00:00:00+05:30,29.299999237060547,31.450000762939453,27.200000762939453,29.770000457763672,52500,0.0,0.0,0.0,540144
2024-01-23 00:00:00+05:30,34.04999923706055,39.11000061035156,34.04999923706055,37.20000076293945,95000,0.0,0.0,0.0,540144
2024-01-24 00:00:00+05:30,39.93000030517578,39.93000030517578,32.5,35.209999084472656,70000,0.0,0.0,0.0,540144
2024-01-25 00:00:00+05:30,36.0,37.900001525878906,36.0,37.900001525878906,7500,0.0,0.0,0.0,540144
2024-01-29 00:00:00+05:30,37.04999923706055,37.9900016784668,36.0,37.9900016784668,20000,0.0,0.0,0.0,540144
2024-01-30 00:00:00+05:30,37.0,37.0,34.20000076293945,35.06999969482422,17500,0.0,0.0,0.0,540144
2024-01-31 00:00:00+05:30,35.06999969482422,35.06999969482422,35.06999969482422,35.06999969482422,0,0.0,0.0,0.0,540144
2024-02-01 00:00:00+05:30,32.79999923706055,33.88999938964844,32.79999923706055,32.880001068115234,30000,0.0,0.0,0.0,540144
2024-02-02 00:00:00+05:30,32.880001068115234,32.880001068115234,32.880001068115234,32.880001068115234,2500,0.0,0.0,0.0,540144
2024-02-05 00:00:00+05:30,31.100000381469727,32.880001068115234,31.100000381469727,32.880001068115234,5000,0.0,0.0,0.0,540144
2024-02-06 00:00:00+05:30,32.880001068115234,32.880001068115234,32.880001068115234,32.880001068115234,2500,0.0,0.0,0.0,540144
2024-02-07 00:00:00+05:30,32.880001068115234,32.880001068115234,32.880001068115234,32.880001068115234,0,0.0,0.0,0.0,540144
2024-02-08 00:00:00+05:30,33.5,33.5,32.38999938964844,32.38999938964844,7500,0.0,0.0,0.0,540144
2024-02-09 00:00:00+05:30,31.799999237060547,31.799999237060547,31.799999237060547,31.799999237060547,2500,0.0,0.0,0.0,540144
2024-02-12 00:00:00+05:30,31.799999237060547,31.799999237060547,31.799999237060547,31.799999237060547,0,0.0,0.0,0.0,540144
2024-02-13 00:00:00+05:30,31.799999237060547,31.799999237060547,31.799999237060547,31.799999237060547,0,0.0,0.0,0.0,540144
2024-02-14 00:00:00+05:30,31.799999237060547,31.799999237060547,31.799999237060547,31.799999237060547,0,0.0,0.0,0.0,540144
2024-02-15 00:00:00+05:30,31.799999237060547,31.799999237060547,31.799999237060547,31.799999237060547,0,0.0,0.0,0.0,540144
2024-02-16 00:00:00+05:30,32.0,32.0,32.0,32.0,2500,0.0,0.0,0.0,540144
2024-02-19 00:00:00+05:30,31.0,34.0,31.0,34.0,15000,0.0,0.0,0.0,540144
2024-02-20 00:00:00+05:30,31.770000457763672,34.0,31.770000457763672,34.0,10000,0.0,0.0,0.0,540144
2024-02-21 00:00:00+05:30,33.9900016784668,33.9900016784668,31.0,33.4900016784668,20000,0.0,0.0,0.0,540144
2024-02-22 00:00:00+05:30,33.4900016784668,33.4900016784668,33.4900016784668,33.4900016784668,0,0.0,0.0,0.0,540144
2024-02-23 00:00:00+05:30,31.600000381469727,33.79999923706055,31.600000381469727,33.79999923706055,10000,0.0,0.0,0.0,540144
2024-02-26 00:00:00+05:30,31.299999237060547,31.299999237060547,31.299999237060547,31.299999237060547,7500,0.0,0.0,0.0,540144
2024-02-27 00:00:00+05:30,29.450000762939453,30.0,28.170000076293945,28.459999084472656,22500,0.0,0.0,0.0,540144
2024-02-28 00:00:00+05:30,26.760000228881836,28.489999771118164,26.760000228881836,28.489999771118164,5000,0.0,0.0,0.0,540144
2024-02-29 00:00:00+05:30,27.25,27.25,27.25,27.25,5000,0.0,0.0,0.0,540144
2024-03-01 00:00:00+05:30,27.25,27.25,27.25,27.25,0,0.0,0.0,0.0,540144
2024-03-04 00:00:00+05:30,26.100000381469727,26.5,26.100000381469727,26.5,5000,0.0,0.0,0.0,540144
2024-03-05 00:00:00+05:30,27.0,27.0,26.549999237060547,26.549999237060547,12500,0.0,0.0,0.0,540144
2024-03-06 00:00:00+05:30,26.549999237060547,26.549999237060547,26.549999237060547,26.549999237060547,0,0.0,0.0,0.0,540144
2024-03-07 00:00:00+05:30,26.549999237060547,26.549999237060547,26.549999237060547,26.549999237060547,2500,0.0,0.0,0.0,540144
2024-03-11 00:00:00+05:30,26.549999237060547,26.549999237060547,26.549999237060547,26.549999237060547,0,0.0,0.0,0.0,540144
2024-03-12 00:00:00+05:30,26.549999237060547,26.549999237060547,26.549999237060547,26.549999237060547,0,0.0,0.0,0.0,540144
2024-03-13 00:00:00+05:30,23.950000762939453,25.0,23.90999984741211,25.0,10000,0.0,0.0,0.0,540144
2024-03-14 00:00:00+05:30,25.0,25.0,25.0,25.0,0,0.0,0.0,0.0,540144
2024-03-18 00:00:00+05:30,25.0,25.0,25.0,25.0,0,0.0,0.0,0.0,540144
2024-03-19 00:00:00+05:30,24.0,24.0,24.0,24.0,5000,0.0,0.0,0.0,540144
2024-03-20 00:00:00+05:30,23.989999771118164,24.0,23.989999771118164,24.0,5000,0.0,0.0,0.0,540144
2024-03-21 00:00:00+05:30,24.0,24.0,24.0,24.0,0,0.0,0.0,0.0,540144
2024-03-22 00:00:00+05:30,25.899999618530273,25.899999618530273,25.889999389648438,25.889999389648438,5000,0.0,0.0,0.0,540144
2024-03-26 00:00:00+05:30,25.889999389648438,25.889999389648438,25.889999389648438,25.889999389648438,0,0.0,0.0,0.0,540144
2024-03-27 00:00:00+05:30,23.559999465942383,26.0,23.559999465942383,25.0,22500,0.0,0.0,0.0,540144
2024-03-28 00:00:00+05:30,25.0,25.0,25.0,25.0,0,0.0,0.0,0.0,540144
2024-04-01 00:00:00+05:30,23.399999618530273,23.399999618530273,23.399999618530273,23.399999618530273,2500,0.0,0.0,0.0,540144
2024-04-02 00:00:00+05:30,25.700000762939453,25.739999771118164,25.700000762939453,25.739999771118164,7500,0.0,0.0,0.0,540144
2024-04-03 00:00:00+05:30,28.299999237060547,28.309999465942383,28.299999237060547,28.309999465942383,12500,0.0,0.0,0.0,540144
2024-04-04 00:00:00+05:30,31.139999389648438,31.139999389648438,31.139999389648438,31.139999389648438,15000,0.0,0.0,0.0,540144
2024-04-05 00:00:00+05:30,31.5,37.36000061035156,31.5,37.36000061035156,105000,0.0,0.0,0.0,540144
2024-04-08 00:00:00+05:30,38.900001525878906,38.900001525878906,32.5099983215332,33.040000915527344,62500,0.0,0.0,0.0,540144
2024-04-09 00:00:00+05:30,33.040000915527344,33.040000915527344,33.040000915527344,33.040000915527344,0,0.0,0.0,0.0,540144
2024-04-10 00:00:00+05:30,33.54999923706055,33.54999923706055,33.54999923706055,33.54999923706055,2500,0.0,0.0,0.0,540144
2024-04-12 00:00:00+05:30,32.959999084472656,32.959999084472656,30.510000228881836,31.209999084472656,22500,0.0,0.0,0.0,540144
2024-04-15 00:00:00+05:30,31.209999084472656,31.209999084472656,31.209999084472656,31.209999084472656,0,0.0,0.0,0.0,540144
2024-04-16 00:00:00+05:30,29.75,32.849998474121094,29.75,31.709999084472656,22500,0.0,0.0,0.0,540144
2024-04-18 00:00:00+05:30,35.959999084472656,38.04999923706055,35.959999084472656,38.04999923706055,90000,0.0,0.0,0.0,540144
2024-04-19 00:00:00+05:30,42.0,44.5,41.310001373291016,42.939998626708984,132500,0.0,0.0,0.0,540144
2024-04-22 00:00:00+05:30,45.0,45.65999984741211,39.79999923706055,40.900001525878906,30000,0.0,0.0,0.0,540144
2024-04-23 00:00:00+05:30,48.0,48.0,42.0,42.70000076293945,17500,0.0,0.0,0.0,540144
2024-04-24 00:00:00+05:30,42.70000076293945,42.75,40.79999923706055,40.79999923706055,32500,0.0,0.0,0.0,540144
2024-04-25 00:00:00+05:30,40.75,40.75,40.75,40.75,2500,0.0,0.0,0.0,540144
2024-04-26 00:00:00+05:30,40.75,42.900001525878906,38.0,39.88999938964844,32500,0.0,0.0,0.0,540144
2024-04-29 00:00:00+05:30,47.70000076293945,47.70000076293945,39.5,40.0,22500,0.0,0.0,0.0,540144
2024-04-30 00:00:00+05:30,39.0,39.0,39.0,39.0,2500,0.0,0.0,0.0,540144
2024-05-02 00:00:00+05:30,39.54999923706055,44.880001068115234,39.54999923706055,43.22999954223633,12500,0.0,0.0,0.0,540144
2024-05-03 00:00:00+05:30,43.22999954223633,43.22999954223633,40.75,42.0,20000,0.0,0.0,0.0,540144
2024-05-06 00:00:00+05:30,48.70000076293945,48.70000076293945,40.75,42.099998474121094,62500,0.0,0.0,0.0,540144
2024-05-07 00:00:00+05:30,42.099998474121094,42.099998474121094,42.099998474121094,42.099998474121094,0,0.0,0.0,0.0,540144
2024-05-08 00:00:00+05:30,42.95000076293945,42.95000076293945,42.95000076293945,42.95000076293945,2500,0.0,0.0,0.0,540144
2024-05-09 00:00:00+05:30,42.95000076293945,42.95000076293945,42.95000076293945,42.95000076293945,0,0.0,0.0,0.0,540144
2024-05-10 00:00:00+05:30,38.709999084472656,38.709999084472656,38.709999084472656,38.709999084472656,2500,0.0,0.0,0.0,540144
2024-05-13 00:00:00+05:30,38.70000076293945,41.0,37.11000061035156,39.5,27500,0.0,0.0,0.0,540144
2024-05-14 00:00:00+05:30,42.59000015258789,42.59000015258789,42.59000015258789,42.59000015258789,2500,0.0,0.0,0.0,540144
2024-05-15 00:00:00+05:30,44.459999084472656,45.0,43.0,43.0,27500,0.0,0.0,0.0,540144
2024-05-16 00:00:00+05:30,36.0099983215332,44.189998626708984,36.0099983215332,44.189998626708984,5000,0.0,0.0,0.0,540144
2024-05-17 00:00:00+05:30,40.0,40.5,40.0,40.5,7500,0.0,0.0,0.0,540144
2024-05-21 00:00:00+05:30,42.45000076293945,42.45000076293945,40.0,40.25,12500,0.0,0.0,0.0,540144
2024-05-22 00:00:00+05:30,41.0,41.0,41.0,41.0,5000,0.0,0.0,0.0,540144
2024-05-23 00:00:00+05:30,43.9900016784668,47.0,43.9900016784668,46.0,82500,0.0,0.0,0.0,540144
2024-05-24 00:00:00+05:30,45.79999923706055,45.79999923706055,43.900001525878906,43.95000076293945,15000,0.0,0.0,0.0,540144
2024-05-27 00:00:00+05:30,43.900001525878906,43.900001525878906,42.0,42.0,10000,0.0,0.0,0.0,540144
2024-05-28 00:00:00+05:30,40.2599983215332,40.2599983215332,40.2599983215332,40.2599983215332,2500,0.0,0.0,0.0,540144
2024-05-29 00:00:00+05:30,39.75,42.0,39.75,42.0,5000,0.0,0.0,0.0,540144
2024-05-30 00:00:00+05:30,42.0,42.0,42.0,42.0,0,0.0,0.0,0.0,540144
2024-05-31 00:00:00+05:30,41.939998626708984,41.939998626708984,38.0099983215332,39.5,40000,0.0,0.0,0.0,540144
2024-06-03 00:00:00+05:30,43.400001525878906,43.439998626708984,38.11000061035156,39.04999923706055,12500,0.0,0.0,0.0,540144
2024-06-04 00:00:00+05:30,38.900001525878906,40.849998474121094,33.599998474121094,37.779998779296875,30000,0.0,0.0,0.0,540144
2024-06-05 00:00:00+05:30,35.79999923706055,35.79999923706055,35.79999923706055,35.79999923706055,2500,0.0,0.0,0.0,540144
2024-06-06 00:00:00+05:30,36.0,42.47999954223633,36.0,38.0,12500,0.0,0.0,0.0,540144
2024-06-07 00:00:00+05:30,38.29999923706055,40.0,38.0,38.0,7500,0.0,0.0,0.0,540144
2024-06-10 00:00:00+05:30,40.0,40.0,39.0,39.0,5000,0.0,0.0,0.0,540144
2024-06-11 00:00:00+05:30,40.119998931884766,42.0,40.119998931884766,41.5,7500,0.0,0.0,0.0,540144
2024-06-12 00:00:00+05:30,44.400001525878906,44.400001525878906,38.0,40.0,27500,0.0,0.0,0.0,540144
2024-06-13 00:00:00+05:30,40.59000015258789,40.59000015258789,40.59000015258789,40.59000015258789,2500,0.0,0.0,0.0,540144
2024-06-14 00:00:00+05:30,41.0,41.0,41.0,41.0,2500,0.0,0.0,0.0,540144
2024-06-18 00:00:00+05:30,41.0,42.900001525878906,37.650001525878906,42.25,67500,0.0,0.0,0.0,540144
2024-06-19 00:00:00+05:30,45.70000076293945,50.0,45.20000076293945,45.20000076293945,72500,0.0,0.0,0.0,540144
2024-06-20 00:00:00+05:30,51.970001220703125,52.70000076293945,49.0,52.02000045776367,87500,0.0,0.0,0.0,540144
2024-06-21 00:00:00+05:30,54.0,57.97999954223633,54.0,55.380001068115234,80000,0.0,0.0,0.0,540144
2024-06-24 00:00:00+05:30,56.0,57.9900016784668,54.470001220703125,56.0,30000,0.0,0.0,0.0,540144
2024-06-25 00:00:00+05:30,63.4900016784668,63.4900016784668,58.0,63.22999954223633,85000,0.0,0.0,0.0,540144
2024-06-26 00:00:00+05:30,64.9000015258789,67.87999725341797,63.70000076293945,67.33000183105469,62500,0.0,0.0,0.0,540144
2024-06-27 00:00:00+05:30,68.94999694824219,68.94999694824219,60.599998474121094,61.20000076293945,87500,0.0,0.0,0.0,540144
2024-06-28 00:00:00+05:30,66.5,66.5999984741211,60.5,60.5,62500,0.0,0.0,0.0,540144
2024-07-01 00:00:00+05:30,59.0,59.0,54.599998474121094,56.5,72500,0.0,0.0,0.0,540144
2024-07-02 00:00:00+05:30,54.11000061035156,54.599998474121094,52.31999969482422,52.41999816894531,30000,0.0,0.0,0.0,540144
2024-07-03 00:00:00+05:30,52.9900016784668,55.900001525878906,49.900001525878906,53.22999954223633,50000,0.0,0.0,0.0,540144
2024-07-04 00:00:00+05:30,53.5,55.13999938964844,52.27000045776367,53.709999084472656,7500,0.0,0.0,0.0,540144
2024-07-05 00:00:00+05:30,54.900001525878906,56.38999938964844,53.5,56.38999938964844,32500,0.0,0.0,0.0,540144
2024-07-08 00:00:00+05:30,58.900001525878906,59.20000076293945,58.900001525878906,59.20000076293945,12500,0.0,0.0,0.0,540144
2024-07-09 00:00:00+05:30,59.20000076293945,59.20000076293945,57.38999938964844,59.20000076293945,15000,0.0,0.0,0.0,540144
2024-07-10 00:00:00+05:30,61.5,61.5,56.2400016784668,56.2400016784668,20000,0.0,0.0,0.0,540144
2024-07-11 00:00:00+05:30,57.790000915527344,57.9900016784668,57.0,57.9900016784668,12500,0.0,0.0,0.0,540144
2024-07-12 00:00:00+05:30,57.9900016784668,57.9900016784668,55.470001220703125,55.470001220703125,15000,0.0,0.0,0.0,540144
2024-07-15 00:00:00+05:30,56.5,56.5,52.70000076293945,52.70000076293945,32500,0.0,0.0,0.0,540144
2024-07-16 00:00:00+05:30,53.22999954223633,53.650001525878906,53.22999954223633,53.25,15000,0.0,0.0,0.0,540144
2024-07-18 00:00:00+05:30,51.65999984741211,51.65999984741211,50.59000015258789,50.59000015258789,15000,0.0,0.0,0.0,540144
2024-07-19 00:00:00+05:30,50.0,51.0,48.119998931884766,48.119998931884766,27500,0.0,0.0,0.0,540144
2024-07-22 00:00:00+05:30,48.34000015258789,48.34000015258789,48.34000015258789,48.34000015258789,2500,0.0,0.0,0.0,540144
2024-07-23 00:00:00+05:30,47.0,47.9900016784668,46.5,47.25,20000,0.0,0.0,0.0,540144
2024-07-24 00:00:00+05:30,48.38999938964844,48.38999938964844,46.20000076293945,47.9900016784668,15000,0.0,0.0,0.0,540144
2024-07-25 00:00:00+05:30,47.9900016784668,49.29999923706055,47.9900016784668,49.29999923706055,5000,0.0,0.0,0.0,540144
2024-07-26 00:00:00+05:30,47.099998474121094,51.2400016784668,46.900001525878906,51.2400016784668,27500,0.0,0.0,0.0,540144
2024-07-29 00:00:00+05:30,51.2400016784668,51.2400016784668,51.2400016784668,51.2400016784668,0,0.0,0.0,0.0,540144
2024-07-30 00:00:00+05:30,48.86000061035156,48.86000061035156,48.849998474121094,48.849998474121094,5000,0.0,0.0,0.0,540144
2024-07-31 00:00:00+05:30,48.849998474121094,48.849998474121094,48.849998474121094,48.849998474121094,0,0.0,0.0,0.0,540144
2024-08-01 00:00:00+05:30,49.0,49.0,49.0,49.0,2500,0.0,0.0,0.0,540144
2024-08-02 00:00:00+05:30,48.900001525878906,49.0,48.900001525878906,49.0,7500,0.0,0.0,0.0,540144
2024-08-05 00:00:00+05:30,49.0,49.0,49.0,49.0,0,0.0,0.0,0.0,540144
2024-08-06 00:00:00+05:30,49.0,49.0,49.0,49.0,0,0.0,0.0,0.0,540144
2024-08-07 00:00:00+05:30,49.0,49.0,49.0,49.0,0,0.0,0.0,0.0,540144
2024-08-08 00:00:00+05:30,44.099998474121094,45.5,44.099998474121094,45.0099983215332,10000,0.0,0.0,0.0,540144
2024-08-09 00:00:00+05:30,46.4900016784668,46.5,46.4900016784668,46.5,5000,0.0,0.0,0.0,540144
2024-08-12 00:00:00+05:30,46.5,46.5,44.5,44.5,15000,0.0,0.0,0.0,540144
2024-08-13 00:00:00+05:30,44.5,44.5,44.5,44.5,0,0.0,0.0,0.0,540144
2024-08-14 00:00:00+05:30,44.939998626708984,44.939998626708984,42.29999923706055,42.29999923706055,7500,0.0,0.0,0.0,540144
2024-08-16 00:00:00+05:30,41.29999923706055,41.29999923706055,41.29999923706055,41.29999923706055,2500,0.0,0.0,0.0,540144
2024-08-19 00:00:00+05:30,43.0,45.400001525878906,43.0,45.400001525878906,22500,0.0,0.0,0.0,540144
2024-08-20 00:00:00+05:30,47.79999923706055,49.0,47.5,47.5,20000,0.0,0.0,0.0,540144
2024-08-21 00:00:00+05:30,46.4900016784668,47.0,46.4900016784668,47.0,12500,0.0,0.0,0.0,540144
2024-08-22 00:00:00+05:30,44.66999816894531,45.70000076293945,44.66999816894531,45.70000076293945,10000,0.0,0.0,0.0,540144
2024-08-23 00:00:00+05:30,46.20000076293945,47.0,44.0,44.0,22500,0.0,0.0,0.0,540144
2024-08-26 00:00:00+05:30,45.29999923706055,48.400001525878906,45.29999923706055,48.209999084472656,45000,0.0,0.0,0.0,540144
2024-08-27 00:00:00+05:30,52.900001525878906,53.029998779296875,47.25,53.029998779296875,52500,0.0,0.0,0.0,540144
2024-08-28 00:00:00+05:30,56.0,57.97999954223633,54.0,57.20000076293945,70000,0.0,0.0,0.0,540144
2024-08-29 00:00:00+05:30,60.0,60.0,55.0,55.0,10000,0.0,0.0,0.0,540144
2024-08-30 00:00:00+05:30,52.29999923706055,56.95000076293945,52.29999923706055,56.95000076293945,5000,0.0,0.0,0.0,540144
2024-09-02 00:00:00+05:30,59.0,59.70000076293945,56.099998474121094,59.58000183105469,37500,0.0,0.0,0.0,540144
2024-09-03 00:00:00+05:30,62.34000015258789,62.54999923706055,60.29999923706055,61.0,47500,0.0,0.0,0.0,540144
2024-09-04 00:00:00+05:30,61.0,62.5,60.0,61.5,37500,0.0,0.0,0.0,540144
2024-09-05 00:00:00+05:30,62.0,62.0,62.0,62.0,10000,0.0,0.0,0.0,540144
2024-09-06 00:00:00+05:30,59.099998474121094,59.099998474121094,58.900001525878906,58.900001525878906,7500,0.0,0.0,0.0,540144
2024-09-09 00:00:00+05:30,58.900001525878906,58.900001525878906,58.900001525878906,58.900001525878906,0,0.0,0.0,0.0,540144
2024-09-10 00:00:00+05:30,56.0099983215332,58.849998474121094,56.0099983215332,58.79999923706055,7500,0.0,0.0,0.0,540144
2024-09-11 00:00:00+05:30,56.7400016784668,56.79999923706055,56.7400016784668,56.79999923706055,5000,0.0,0.0,0.0,540144
2024-09-12 00:00:00+05:30,56.79999923706055,56.79999923706055,56.79999923706055,56.79999923706055,2500,0.0,0.0,0.0,540144
2024-09-13 00:00:00+05:30,56.79999923706055,56.79999923706055,56.79999923706055,56.79999923706055,0,0.0,0.0,0.0,540144
2024-09-16 00:00:00+05:30,54.2599983215332,54.2599983215332,54.2599983215332,54.2599983215332,2500,0.0,0.0,0.0,540144
2024-09-17 00:00:00+05:30,54.2599983215332,54.2599983215332,54.2599983215332,54.2599983215332,0,0.0,0.0,0.0,540144
2024-09-18 00:00:00+05:30,52.0,52.5,51.560001373291016,51.560001373291016,12500,0.0,0.0,0.0,540144
2024-09-19 00:00:00+05:30,49.099998474121094,49.099998474121094,49.099998474121094,49.099998474121094,5000,0.0,0.0,0.0,540144
2024-09-20 00:00:00+05:30,51.5,51.54999923706055,51.5,51.54999923706055,7500,0.0,0.0,0.0,540144
2024-09-23 00:00:00+05:30,49.060001373291016,49.060001373291016,48.97999954223633,48.97999954223633,10000,0.0,0.0,0.0,540144
2024-09-24 00:00:00+05:30,47.52000045776367,47.52000045776367,47.5,47.5,7500,0.0,0.0,0.0,540144
2024-09-25 00:00:00+05:30,46.06999969482422,48.869998931884766,46.06999969482422,48.86000061035156,12500,0.0,0.0,0.0,540144
2024-09-26 00:00:00+05:30,48.86000061035156,48.86000061035156,48.86000061035156,48.86000061035156,0,0.0,0.0,0.0,540144
2024-09-27 00:00:00+05:30,48.86000061035156,48.86000061035156,48.86000061035156,48.86000061035156,0,0.0,0.0,0.0,540144
2024-09-30 00:00:00+05:30,48.86000061035156,48.86000061035156,48.86000061035156,48.86000061035156,0,0.0,0.0,0.0,540144
2024-10-01 00:00:00+05:30,48.86000061035156,48.86000061035156,48.86000061035156,48.86000061035156,0,0.0,0.0,0.0,540144
2024-10-03 00:00:00+05:30,46.5,46.75,46.5,46.75,5000,0.0,0.0,0.0,540144
2024-10-04 00:00:00+05:30,46.75,48.88999938964844,46.75,48.88999938964844,5000,0.0,0.0,0.0,540144
2024-10-07 00:00:00+05:30,48.88999938964844,48.88999938964844,48.88999938964844,48.88999938964844,0,0.0,0.0,0.0,540144
2024-10-08 00:00:00+05:30,46.5099983215332,46.529998779296875,46.5099983215332,46.529998779296875,5000,0.0,0.0,0.0,540144
2024-10-09 00:00:00+05:30,47.900001525878906,47.900001525878906,47.900001525878906,47.900001525878906,2500,0.0,0.0,0.0,540144
2024-10-10 00:00:00+05:30,48.95000076293945,48.95000076293945,48.95000076293945,48.95000076293945,2500,0.0,0.0,0.0,540144
2024-10-11 00:00:00+05:30,48.95000076293945,48.95000076293945,46.75,46.75,10000,0.0,0.0,0.0,540144
2024-10-14 00:00:00+05:30,44.599998474121094,46.70000076293945,44.599998474121094,45.0,22500,0.0,0.0,0.0,540144
2024-10-15 00:00:00+05:30,43.310001373291016,43.779998779296875,43.0,43.0,10000,0.0,0.0,0.0,540144
2024-10-16 00:00:00+05:30,43.0,43.0,43.0,43.0,0,0.0,0.0,0.0,540144
2024-10-17 00:00:00+05:30,43.099998474121094,43.099998474121094,40.849998474121094,40.849998474121094,20000,0.0,0.0,0.0,540144
2024-10-18 00:00:00+05:30,38.90999984741211,42.0,38.810001373291016,38.810001373291016,30000,0.0,0.0,0.0,540144
2024-10-21 00:00:00+05:30,38.810001373291016,38.810001373291016,38.810001373291016,38.810001373291016,5000,0.0,0.0,0.0,540144
2024-10-22 00:00:00+05:30,37.11000061035156,37.11000061035156,36.869998931884766,36.869998931884766,15000,0.0,0.0,0.0,540144
2024-10-23 00:00:00+05:30,36.869998931884766,36.869998931884766,36.869998931884766,36.869998931884766,0,0.0,0.0,0.0,540144
2024-10-24 00:00:00+05:30,36.869998931884766,36.869998931884766,36.869998931884766,36.869998931884766,0,0.0,0.0,0.0,540144
2024-10-25 00:00:00+05:30,36.5,36.5,36.0,36.0,5000,0.0,0.0,0.0,540144
2024-10-28 00:00:00+05:30,37.0,37.0,34.5,34.529998779296875,10000,0.0,0.0,0.0,540144
2024-10-29 00:00:00+05:30,34.529998779296875,36.20000076293945,34.529998779296875,36.20000076293945,10000,0.0,0.0,0.0,540144
2024-10-30 00:00:00+05:30,36.20000076293945,36.20000076293945,36.20000076293945,36.20000076293945,2500,0.0,0.0,0.0,540144
2024-10-31 00:00:00+05:30,35.04999923706055,35.04999923706055,35.04999923706055,35.04999923706055,2500,0.0,0.0,0.0,540144
2024-11-01 00:00:00+05:30,35.04999923706055,35.04999923706055,33.9900016784668,33.9900016784668,7500,0.0,0.0,0.0,540144
2024-11-04 00:00:00+05:30,33.5,35.68000030517578,33.5,35.68000030517578,20000,0.0,0.0,0.0,540144
2024-11-05 00:00:00+05:30,35.68000030517578,35.68000030517578,35.68000030517578,35.68000030517578,0,0.0,0.0,0.0,540144
2024-11-06 00:00:00+05:30,37.459999084472656,37.459999084472656,37.459999084472656,37.459999084472656,7500,0.0,0.0,0.0,540144
2024-11-07 00:00:00+05:30,37.459999084472656,37.459999084472656,37.459999084472656,37.459999084472656,0,0.0,0.0,0.0,540144
2024-11-08 00:00:00+05:30,37.459999084472656,37.459999084472656,37.459999084472656,37.459999084472656,0,0.0,0.0,0.0,540144
2024-11-11 00:00:00+05:30,37.459999084472656,37.459999084472656,37.459999084472656,37.459999084472656,0,0.0,0.0,0.0,540144
2024-11-12 00:00:00+05:30,35.79999923706055,35.88999938964844,35.59000015258789,35.75,12500,0.0,0.0,0.0,540144
2024-11-13 00:00:00+05:30,34.66999816894531,34.66999816894531,34.650001525878906,34.650001525878906,5000,0.0,0.0,0.0,540144
2024-11-14 00:00:00+05:30,35.0,36.380001068115234,35.0,35.61000061035156,7500,0.0,0.0,0.0,540144
2024-11-18 00:00:00+05:30,34.099998474121094,34.61000061035156,34.099998474121094,34.61000061035156,5000,0.0,0.0,0.0,540144
2024-11-19 00:00:00+05:30,34.61000061035156,34.61000061035156,34.61000061035156,34.61000061035156,0,0.0,0.0,0.0,540144
2024-11-21 00:00:00+05:30,36.029998779296875,36.34000015258789,36.029998779296875,36.34000015258789,15000,0.0,0.0,0.0,540144
2024-11-22 00:00:00+05:30,38.150001525878906,38.150001525878906,38.150001525878906,38.150001525878906,2500,0.0,0.0,0.0,540144
2024-11-25 00:00:00+05:30,38.15999984741211,38.15999984741211,38.150001525878906,38.150001525878906,5000,0.0,0.0,0.0,540144
2024-11-26 00:00:00+05:30,38.0,38.0,38.0,38.0,2500,0.0,0.0,0.0,540144
2024-11-27 00:00:00+05:30,38.0,39.79999923706055,36.79999923706055,39.79999923706055,15000,0.0,0.0,0.0,540144
2024-11-28 00:00:00+05:30,39.79999923706055,39.79999923706055,39.79999923706055,39.79999923706055,0,0.0,0.0,0.0,540144
2024-11-29 00:00:00+05:30,38.599998474121094,38.599998474121094,37.86000061035156,37.93000030517578,17500,0.0,0.0,0.0,540144
2024-12-02 00:00:00+05:30,39.0,39.0,39.0,39.0,2500,0.0,0.0,0.0,540144
2024-12-03 00:00:00+05:30,37.810001373291016,37.810001373291016,37.810001373291016,37.810001373291016,2500,0.0,0.0,0.0,540144
2024-12-04 00:00:00+05:30,37.810001373291016,37.810001373291016,37.810001373291016,37.810001373291016,0,0.0,0.0,0.0,540144
2024-12-05 00:00:00+05:30,36.59000015258789,36.59000015258789,36.56999969482422,36.56999969482422,5000,0.0,0.0,0.0,540144
2024-12-06 00:00:00+05:30,39.349998474121094,39.349998474121094,38.900001525878906,38.900001525878906,7500,0.0,0.0,0.0,540144
2024-12-09 00:00:00+05:30,38.900001525878906,38.900001525878906,38.900001525878906,38.900001525878906,0,0.0,0.0,0.0,540144
2024-12-10 00:00:00+05:30,38.900001525878906,38.900001525878906,38.900001525878906,38.900001525878906,0,0.0,0.0,0.0,540144
2024-12-11 00:00:00+05:30,40.0,40.0,40.0,40.0,2500,0.0,0.0,0.0,540144
2024-12-12 00:00:00+05:30,40.0,40.0,40.0,40.0,0,0.0,0.0,0.0,540144
2024-12-13 00:00:00+05:30,40.0,40.0,40.0,40.0,0,0.0,0.0,0.0,540144
2024-12-16 00:00:00+05:30,41.5,44.0,41.5,43.7400016784668,22500,0.0,0.0,0.0,540144
2024-12-17 00:00:00+05:30,47.25,47.5,46.0,46.099998474121094,22500,0.0,0.0,0.0,540144
2024-12-18 00:00:00+05:30,46.099998474121094,46.099998474121094,46.099998474121094,46.099998474121094,0,0.0,0.0,0.0,540144
2024-12-19 00:00:00+05:30,46.099998474121094,46.099998474121094,46.099998474121094,46.099998474121094,0,0.0,0.0,0.0,540144
2024-12-20 00:00:00+05:30,46.099998474121094,46.099998474121094,46.099998474121094,46.099998474121094,0,0.0,0.0,0.0,540144
2024-12-23 00:00:00+05:30,46.099998474121094,46.099998474121094,46.099998474121094,46.099998474121094,0,0.0,0.0,0.0,540144
2024-12-24 00:00:00+05:30,46.099998474121094,46.099998474121094,46.099998474121094,46.099998474121094,0,0.0,0.0,0.0,540144
2024-12-26 00:00:00+05:30,42.25,42.25,42.25,42.25,2500,0.0,0.0,0.0,540144
2024-12-27 00:00:00+05:30,42.0,42.0,42.0,42.0,7500,0.0,0.0,0.0,540144
2024-12-30 00:00:00+05:30,43.0,43.0,42.0,42.0,5000,0.0,0.0,0.0,540144
2024-12-31 00:00:00+05:30,42.0,42.0,42.0,42.0,0,0.0,0.0,0.0,540144
2025-01-01 00:00:00+05:30,40.0099983215332,40.0099983215332,40.0099983215332,40.0099983215332,2500,0.0,0.0,0.0,540144
2025-01-02 00:00:00+05:30,40.04999923706055,42.4900016784668,39.0099983215332,41.5,20000,0.0,0.0,0.0,540144
2025-01-03 00:00:00+05:30,41.5,41.5,41.5,41.5,0,0.0,0.0,0.0,540144
2025-01-06 00:00:00+05:30,38.599998474121094,38.599998474121094,38.5,38.5,7500,0.0,0.0,0.0,540144
2025-01-07 00:00:00+05:30,38.5,38.5,38.5,38.5,0,0.0,0.0,0.0,540144
2025-01-08 00:00:00+05:30,38.5,38.5,38.5,38.5,0,0.0,0.0,0.0,540144
2025-01-09 00:00:00+05:30,38.5,38.5,38.5,38.5,0,0.0,0.0,0.0,540144
2025-01-10 00:00:00+05:30,38.0,38.5,38.0,38.5,5000,0.0,0.0,0.0,540144
2025-01-13 00:00:00+05:30,39.70000076293945,39.70000076293945,39.70000076293945,39.70000076293945,7500,0.0,0.0,0.0,540144
2025-01-14 00:00:00+05:30,39.70000076293945,39.70000076293945,39.70000076293945,39.70000076293945,0,0.0,0.0,0.0,540144
2025-01-15 00:00:00+05:30,39.70000076293945,39.70000076293945,39.70000076293945,39.70000076293945,0,0.0,0.0,0.0,540144
2025-01-16 00:00:00+05:30,36.29999923706055,37.79999923706055,36.29999923706055,37.79999923706055,5000,0.0,0.0,0.0,540144
2025-01-17 00:00:00+05:30,37.04999923706055,37.04999923706055,36.0,36.0,45000,0.0,0.0,0.0,540144
2025-01-20 00:00:00+05:30,36.25,36.25,36.25,36.25,2500,0.0,0.0,0.0,540144
2025-01-21 00:00:00+05:30,36.59000015258789,36.599998474121094,36.59000015258789,36.599998474121094,7500,0.0,0.0,0.0,540144
2025-01-22 00:00:00+05:30,34.099998474121094,34.099998474121094,34.099998474121094,34.099998474121094,2500,0.0,0.0,0.0,540144
2025-01-23 00:00:00+05:30,36.4900016784668,36.4900016784668,36.4900016784668,36.4900016784668,2500,0.0,0.0,0.0,540144
2025-01-24 00:00:00+05:30,33.75,34.0,33.2599983215332,34.0,12500,0.0,0.0,0.0,540144
2025-01-27 00:00:00+05:30,34.0,34.0,34.0,34.0,0,0.0,0.0,0.0,540144
2025-01-28 00:00:00+05:30,31.049999237060547,32.9900016784668,31.049999237060547,31.40999984741211,7500,0.0,0.0,0.0,540144
2025-01-29 00:00:00+05:30,31.40999984741211,31.40999984741211,31.40999984741211,31.40999984741211,15000,0.0,0.0,0.0,540144
2025-01-30 00:00:00+05:30,31.40999984741211,31.40999984741211,31.40999984741211,31.40999984741211,0,0.0,0.0,0.0,540144
2025-01-31 00:00:00+05:30,31.40999984741211,31.40999984741211,31.40999984741211,31.40999984741211,0,0.0,0.0,0.0,540144
2025-02-03 00:00:00+05:30,31.40999984741211,31.40999984741211,31.40999984741211,31.40999984741211,0,0.0,0.0,0.0,540144
2025-02-04 00:00:00+05:30,31.40999984741211,31.40999984741211,31.40999984741211,31.40999984741211,0,0.0,0.0,0.0,540144
2025-02-05 00:00:00+05:30,31.40999984741211,31.40999984741211,31.40999984741211,31.40999984741211,0,0.0,0.0,0.0,540144
2025-02-06 00:00:00+05:30,26.5,29.25,26.100000381469727,29.0,10000,0.0,0.0,0.0,540144
2025-02-07 00:00:00+05:30,29.0,29.0,29.0,29.0,0,0.0,0.0,0.0,540144
2025-02-10 00:00:00+05:30,29.0,29.0,29.0,29.0,0,0.0,0.0,0.0,540144
2025-02-11 00:00:00+05:30,27.010000228881836,27.010000228881836,27.010000228881836,27.010000228881836,2500,0.0,0.0,0.0,540144
2025-02-12 00:00:00+05:30,27.010000228881836,31.06999969482422,26.899999618530273,31.06999969482422,12500,0.0,0.0,0.0,540144
2025-02-13 00:00:00+05:30,31.06999969482422,31.06999969482422,31.06999969482422,31.06999969482422,0,0.0,0.0,0.0,540144
2025-02-14 00:00:00+05:30,34.970001220703125,34.970001220703125,34.970001220703125,34.970001220703125,2500,0.0,0.0,0.0,540144
2025-02-17 00:00:00+05:30,29.290000915527344,29.290000915527344,29.290000915527344,29.290000915527344,2500,0.0,0.0,0.0,540144
2025-02-18 00:00:00+05:30,29.290000915527344,29.290000915527344,29.290000915527344,29.290000915527344,0,0.0,0.0,0.0,540144
2025-02-19 00:00:00+05:30,29.290000915527344,29.290000915527344,29.290000915527344,29.290000915527344,0,0.0,0.0,0.0,540144
2025-02-20 00:00:00+05:30,27.5,30.329999923706055,27.5,29.0,15000,0.0,0.0,0.0,540144
2025-02-21 00:00:00+05:30,29.0,29.0,29.0,29.0,0,0.0,0.0,0.0,540144
2025-02-24 00:00:00+05:30,26.709999084472656,26.709999084472656,26.5,26.5,5000,0.0,0.0,0.0,540144
2025-02-25 00:00:00+05:30,25.700000762939453,26.350000381469727,25.0,25.75,32500,0.0,0.0,0.0,540144
2025-02-27 00:00:00+05:30,24.0,24.5,24.0,24.5,5000,0.0,0.0,0.0,540144
2025-02-28 00:00:00+05:30,24.5,24.5,24.5,24.5,0,0.0,0.0,0.0,540144
2025-03-03 00:00:00+05:30,24.5,24.5,24.5,24.5,0,0.0,0.0,0.0,540144
2025-03-04 00:00:00+05:30,23.6200008392334,23.6200008392334,23.6200008392334,23.6200008392334,2500,0.0,0.0,0.0,540144
2025-03-05 00:00:00+05:30,24.280000686645508,24.799999237060547,24.280000686645508,24.799999237060547,7500,0.0,0.0,0.0,540144
2025-03-06 00:00:00+05:30,25.969999313354492,25.969999313354492,25.969999313354492,25.969999313354492,2500,0.0,0.0,0.0,540144
2025-03-07 00:00:00+05:30,26.700000762939453,26.700000762939453,26.0,26.0,5000,0.0,0.0,0.0,540144
2025-03-10 00:00:00+05:30,26.0,26.0,26.0,26.0,0,0.0,0.0,0.0,540144
2025-03-11 00:00:00+05:30,26.0,26.0,26.0,26.0,2500,0.0,0.0,0.0,540144
2025-03-12 00:00:00+05:30,25.950000762939453,25.950000762939453,25.950000762939453,25.950000762939453,2500,0.0,0.0,0.0,540144
2025-03-13 00:00:00+05:30,25.850000381469727,25.850000381469727,25.850000381469727,25.850000381469727,5000,0.0,0.0,0.0,540144
2025-03-17 00:00:00+05:30,25.850000381469727,25.850000381469727,25.850000381469727,25.850000381469727,2500,0.0,0.0,0.0,540144
2025-03-18 00:00:00+05:30,25.850000381469727,25.850000381469727,25.850000381469727,25.850000381469727,0,0.0,0.0,0.0,540144
2025-03-19 00:00:00+05:30,25.850000381469727,25.850000381469727,25.850000381469727,25.850000381469727,2500,0.0,0.0,0.0,540144
2025-03-20 00:00:00+05:30,26.360000610351562,26.360000610351562,26.360000610351562,26.360000610351562,15000,0.0,0.0,0.0,540144
2025-03-21 00:00:00+05:30,25.84000015258789,25.84000015258789,25.84000015258789,25.84000015258789,5000,0.0,0.0,0.0,540144
2025-03-24 00:00:00+05:30,25.329999923706055,25.329999923706055,25.329999923706055,25.329999923706055,12500,0.0,0.0,0.0,540144
2025-03-25 00:00:00+05:30,25.329999923706055,25.329999923706055,24.860000610351562,24.860000610351562,7500,0.0,0.0,0.0,540144
2025-03-26 00:00:00+05:30,24.860000610351562,24.860000610351562,24.860000610351562,24.860000610351562,0,0.0,0.0,0.0,540144
2025-03-27 00:00:00+05:30,24.860000610351562,24.860000610351562,24.860000610351562,24.860000610351562,0,0.0,0.0,0.0,540144
2025-03-28 00:00:00+05:30,24.860000610351562,24.860000610351562,24.860000610351562,24.860000610351562,0,0.0,0.0,0.0,540144
2025-04-01 00:00:00+05:30,24.860000610351562,24.860000610351562,24.860000610351562,24.860000610351562,0,0.0,0.0,0.0,540144
2025-04-02 00:00:00+05:30,24.860000610351562,24.860000610351562,24.860000610351562,24.860000610351562,2500,0.0,0.0,0.0,540144
2025-04-03 00:00:00+05:30,24.860000610351562,24.860000610351562,24.860000610351562,24.860000610351562,0,0.0,0.0,0.0,540144
2025-04-04 00:00:00+05:30,24.860000610351562,24.860000610351562,24.860000610351562,24.860000610351562,2500,0.0,0.0,0.0,540144
2025-04-07 00:00:00+05:30,25.350000381469727,25.350000381469727,25.350000381469727,25.350000381469727,2500,0.0,0.0,0.0,540144
2025-04-08 00:00:00+05:30,25.350000381469727,25.350000381469727,25.350000381469727,25.350000381469727,0,0.0,0.0,0.0,540144
2025-04-09 00:00:00+05:30,25.350000381469727,25.350000381469727,25.350000381469727,25.350000381469727,0,0.0,0.0,0.0,540144
2025-04-11 00:00:00+05:30,25.350000381469727,25.350000381469727,25.350000381469727,25.350000381469727,0,0.0,0.0,0.0,540144
2025-04-15 00:00:00+05:30,25.350000381469727,25.350000381469727,25.350000381469727,25.350000381469727,0,0.0,0.0,0.0,540144
2025-04-16 00:00:00+05:30,24.850000381469727,24.850000381469727,24.850000381469727,24.850000381469727,2500,0.0,0.0,0.0,540144
2025-04-17 00:00:00+05:30,24.600000381469727,24.600000381469727,24.360000610351562,24.360000610351562,10000,0.0,0.0,0.0,540144
2025-04-21 00:00:00+05:30,24.360000610351562,24.360000610351562,24.360000610351562,24.360000610351562,0,0.0,0.0,0.0,540144
2025-04-22 00:00:00+05:30,22.0,22.700000762939453,22.0,22.700000762939453,12500,0.0,0.0,0.0,540144
2025-04-23 00:00:00+05:30,23.829999923706055,23.829999923706055,23.829999923706055,23.829999923706055,2500,0.0,0.0,0.0,540144
2025-04-24 00:00:00+05:30,23.829999923706055,23.829999923706055,23.829999923706055,23.829999923706055,0,0.0,0.0,0.0,540144
2025-04-25 00:00:00+05:30,22.65999984741211,24.0,22.65999984741211,24.0,5000,0.0,0.0,0.0,540144
2025-04-28 00:00:00+05:30,25.100000381469727,25.200000762939453,23.549999237060547,23.579999923706055,10000,0.0,0.0,0.0,540144
2025-04-29 00:00:00+05:30,23.579999923706055,23.579999923706055,23.579999923706055,23.579999923706055,0,0.0,0.0,0.0,540144
2025-04-30 00:00:00+05:30,22.75,22.75,22.549999237060547,22.549999237060547,7500,0.0,0.0,0.0,540144
2025-05-02 00:00:00+05:30,22.510000228881836,22.510000228881836,22.510000228881836,22.510000228881836,2500,0.0,0.0,0.0,540144
2025-05-05 00:00:00+05:30,22.510000228881836,22.510000228881836,22.510000228881836,22.510000228881836,0,0.0,0.0,0.0,540144
2025-05-06 00:00:00+05:30,22.510000228881836,22.510000228881836,22.510000228881836,22.510000228881836,0,0.0,0.0,0.0,540144
2025-05-07 00:00:00+05:30,22.510000228881836,22.510000228881836,22.510000228881836,22.510000228881836,0,0.0,0.0,0.0,540144
2025-05-08 00:00:00+05:30,22.0,22.0,21.799999237060547,21.93000030517578,7500,0.0,0.0,0.0,540144
2025-05-09 00:00:00+05:30,22.790000915527344,22.799999237060547,22.790000915527344,22.790000915527344,7500,0.0,0.0,0.0,540144
2025-05-12 00:00:00+05:30,23.899999618530273,23.899999618530273,23.899999618530273,23.899999618530273,2500,0.0,0.0,0.0,540144
2025-05-13 00:00:00+05:30,23.899999618530273,23.899999618530273,23.899999618530273,23.899999618530273,0,0.0,0.0,0.0,540144
2025-05-14 00:00:00+05:30,23.899999618530273,23.899999618530273,23.899999618530273,23.899999618530273,2500,0.0,0.0,0.0,540144
2025-05-15 00:00:00+05:30,23.899999618530273,23.899999618530273,23.899999618530273,23.899999618530273,0,0.0,0.0,0.0,540144
2025-05-16 00:00:00+05:30,23.899999618530273,23.899999618530273,23.899999618530273,23.899999618530273,0,0.0,0.0,0.0,540144
2025-05-19 00:00:00+05:30,23.899999618530273,23.899999618530273,23.899999618530273,23.899999618530273,0,0.0,0.0,0.0,540144
2025-05-20 00:00:00+05:30,22.799999237060547,22.799999237060547,22.799999237060547,22.799999237060547,2500,0.0,0.0,0.0,540144
2025-05-21 00:00:00+05:30,22.799999237060547,22.799999237060547,22.799999237060547,22.799999237060547,0,0.0,0.0,0.0,540144
2025-05-22 00:00:00+05:30,22.799999237060547,22.799999237060547,22.799999237060547,22.799999237060547,0,0.0,0.0,0.0,540144
2025-05-23 00:00:00+05:30,21.81999969482422,21.81999969482422,21.81999969482422,21.81999969482422,7500,0.0,0.0,0.0,540144
2025-05-26 00:00:00+05:30,22.84000015258789,22.90999984741211,22.84000015258789,22.90999984741211,5000,0.0,0.0,0.0,540144
2025-05-27 00:00:00+05:30,24.049999237060547,24.049999237060547,24.049999237060547,24.049999237060547,2500,0.0,0.0,0.0,540144
2025-05-28 00:00:00+05:30,24.5,25.0,24.5,25.0,5000,0.0,0.0,0.0,540144
2025-05-29 00:00:00+05:30,25.0,25.0,25.0,25.0,0,0.0,0.0,0.0,540144
2025-05-30 00:00:00+05:30,23.809999465942383,23.850000381469727,23.809999465942383,23.850000381469727,5000,0.0,0.0,0.0,540144
2025-06-02 00:00:00+05:30,24.25,24.25,23.850000381469727,23.850000381469727,5000,0.0,0.0,0.0,540144
2025-06-03 00:00:00+05:30,25.030000686645508,25.030000686645508,25.030000686645508,25.030000686645508,2500,0.0,0.0,0.0,540144
2025-06-04 00:00:00+05:30,25.030000686645508,25.030000686645508,25.030000686645508,25.030000686645508,2500,0.0,0.0,0.0,540144
2025-06-05 00:00:00+05:30,25.0,25.0,25.0,25.0,2500,0.0,0.0,0.0,540144
2025-06-06 00:00:00+05:30,25.0,25.0,23.809999465942383,23.809999465942383,7500,0.0,0.0,0.0,540144
2025-06-09 00:00:00+05:30,28.540000915527344,28.559999465942383,26.899999618530273,28.549999237060547,12500,0.0,0.0,0.0,540144
2025-06-10 00:00:00+05:30,28.549999237060547,28.549999237060547,28.549999237060547,28.549999237060547,0,0.0,0.0,0.0,540144
2025-06-11 00:00:00+05:30,28.260000228881836,28.829999923706055,28.260000228881836,28.829999923706055,7500,0.0,0.0,0.0,540144
2025-06-12 00:00:00+05:30,28.829999923706055,28.829999923706055,28.829999923706055,28.829999923706055,0,0.0,0.0,0.0,540144
2025-06-13 00:00:00+05:30,28.829999923706055,28.829999923706055,28.829999923706055,28.829999923706055,0,0.0,0.0,0.0,540144
2025-06-16 00:00:00+05:30,28.829999923706055,28.829999923706055,28.829999923706055,28.829999923706055,0,0.0,0.0,0.0,540144
2025-06-17 00:00:00+05:30,28.829999923706055,28.829999923706055,28.829999923706055,28.829999923706055,0,0.0,0.0,0.0,540144
2025-06-18 00:00:00+05:30,26.0,26.5,24.0,26.389999389648438,22500,0.0,0.0,0.0,540144
2025-06-19 00:00:00+05:30,25.5,25.5,25.5,25.5,2500,0.0,0.0,0.0,540144
2025-06-20 00:00:00+05:30,25.5,25.5,25.5,25.5,0,0.0,0.0,0.0,540144
2025-06-23 00:00:00+05:30,25.5,25.5,24.219999313354492,24.219999313354492,5000,0.0,0.0,0.0,540144
2025-06-24 00:00:00+05:30,23.540000915527344,23.540000915527344,23.540000915527344,23.540000915527344,2500,0.0,0.0,0.0,540144
2025-06-25 00:00:00+05:30,23.540000915527344,23.540000915527344,23.540000915527344,23.540000915527344,0,0.0,0.0,0.0,540144
2025-06-26 00:00:00+05:30,24.299999237060547,24.299999237060547,24.299999237060547,24.299999237060547,2500,0.0,0.0,0.0,540144
2025-06-27 00:00:00+05:30,24.309999465942383,24.309999465942383,24.309999465942383,24.309999465942383,2500,0.0,0.0,0.0,540144
2025-06-30 00:00:00+05:30,24.309999465942383,24.309999465942383,24.309999465942383,24.309999465942383,0,0.0,0.0,0.0,540144
2025-07-01 00:00:00+05:30,24.309999465942383,24.309999465942383,24.309999465942383,24.309999465942383,0,0.0,0.0,0.0,540144
2025-07-02 00:00:00+05:30,24.309999465942383,24.309999465942383,24.309999465942383,24.309999465942383,0,0.0,0.0,0.0,540144
2025-07-03 00:00:00+05:30,24.309999465942383,24.309999465942383,24.309999465942383,24.309999465942383,0,0.0,0.0,0.0,540144
2025-07-04 00:00:00+05:30,24.309999465942383,24.309999465942383,24.309999465942383,24.309999465942383,0,0.0,0.0,0.0,540144
2025-07-07 00:00:00+05:30,25.010000228881836,25.010000228881836,25.010000228881836,25.010000228881836,2500,0.0,0.0,0.0,540144
2025-07-08 00:00:00+05:30,25.010000228881836,25.010000228881836,25.010000228881836,25.010000228881836,0,0.0,0.0,0.0,540144
2025-07-09 00:00:00+05:30,25.010000228881836,25.010000228881836,25.010000228881836,25.010000228881836,0,0.0,0.0,0.0,540144
2025-07-10 00:00:00+05:30,25.010000228881836,25.010000228881836,25.010000228881836,25.010000228881836,0,0.0,0.0,0.0,540144
2025-07-11 00:00:00+05:30,23.510000228881836,23.510000228881836,23.510000228881836,23.510000228881836,5000,0.0,0.0,0.0,540144
2025-07-14 00:00:00+05:30,25.100000381469727,25.100000381469727,25.100000381469727,25.100000381469727,2500,0.0,0.0,0.0,540144
2025-07-15 00:00:00+05:30,27.0,27.0,27.0,27.0,7500,0.0,0.0,0.0,540144
2025-07-16 00:00:00+05:30,27.0,27.0,27.0,27.0,0,0.0,0.0,0.0,540144
2025-07-17 00:00:00+05:30,27.0,27.0,27.0,27.0,0,0.0,0.0,0.0,540144
2025-07-18 00:00:00+05:30,26.459999084472656,26.459999084472656,26.459999084472656,26.459999084472656,2500,0.0,0.0,0.0,540144
2025-07-21 00:00:00+05:30,26.459999084472656,26.459999084472656,26.459999084472656,26.459999084472656,0,0.0,0.0,0.0,540144
2025-07-22 00:00:00+05:30,26.459999084472656,26.459999084472656,26.459999084472656,26.459999084472656,0,0.0,0.0,0.0,540144
2025-07-23 00:00:00+05:30,26.459999084472656,26.459999084472656,26.459999084472656,26.459999084472656,0,0.0,0.0,0.0,540144
2025-07-24 00:00:00+05:30,26.459999084472656,26.459999084472656,26.459999084472656,26.459999084472656,0,0.0,0.0,0.0,540144
2025-07-25 00:00:00+05:30,26.459999084472656,26.459999084472656,26.459999084472656,26.459999084472656,0,0.0,0.0,0.0,540144
2025-07-28 00:00:00+05:30,26.459999084472656,26.459999084472656,26.459999084472656,26.459999084472656,0,0.0,0.0,0.0,540144
2025-07-29 00:00:00+05:30,26.459999084472656,26.459999084472656,26.459999084472656,26.459999084472656,0,0.0,0.0,0.0,540144
2025-07-30 00:00:00+05:30,26.459999084472656,26.459999084472656,26.459999084472656,26.459999084472656,0,0.0,0.0,0.0,540144
2025-07-31 00:00:00+05:30,26.459999084472656,26.459999084472656,26.459999084472656,26.459999084472656,0,0.0,0.0,0.0,540144
2025-08-01 00:00:00+05:30,25.93000030517578,25.93000030517578,25.93000030517578,25.93000030517578,2500,0.0,0.0,0.0,540144
2025-08-04 00:00:00+05:30,25.93000030517578,25.93000030517578,25.93000030517578,25.93000030517578,0,0.0,0.0,0.0,540144
2025-08-05 00:00:00+05:30,25.93000030517578,25.93000030517578,25.93000030517578,25.93000030517578,0,0.0,0.0,0.0,540144
2025-08-06 00:00:00+05:30,25.93000030517578,25.93000030517578,25.93000030517578,25.93000030517578,0,0.0,0.0,0.0,540144
2025-08-07 00:00:00+05:30,22.200000762939453,24.010000228881836,21.010000228881836,24.010000228881836,32500,0.0,0.0,0.0,540144
2025-08-08 00:00:00+05:30,25.489999771118164,25.5,25.489999771118164,25.5,5000,0.0,0.0,0.0,540144
2025-08-11 00:00:00+05:30,25.5,25.5,25.5,25.5,0,0.0,0.0,0.0,540144
2025-08-12 00:00:00+05:30,25.5,25.5,25.5,25.5,0,0.0,0.0,0.0,540144
2025-08-13 00:00:00+05:30,22.75,22.75,22.75,22.75,2500,0.0,0.0,0.0,540144
2025-08-14 00:00:00+05:30,22.75,23.950000762939453,22.030000686645508,22.059999465942383,10000,0.0,0.0,0.0,540144
2025-08-18 00:00:00+05:30,22.079999923706055,22.079999923706055,18.149999618530273,19.0,102500,0.0,0.0,0.0,540144
2025-08-19 00:00:00+05:30,19.690000534057617,20.190000534057617,18.100000381469727,19.510000228881836,55000,0.0,0.0,0.0,540144
2025-08-20 00:00:00+05:30,19.0,19.200000762939453,18.56999969482422,19.200000762939453,27500,0.0,0.0,0.0,540144
2025-08-21 00:00:00+05:30,19.200000762939453,19.200000762939453,18.5,18.5,5000,0.0,0.0,0.0,540144
2025-08-22 00:00:00+05:30,19.0,21.0,19.0,20.06999969482422,47500,0.0,0.0,0.0,540144
2025-08-25 00:00:00+05:30,20.299999237060547,20.790000915527344,20.299999237060547,20.670000076293945,25000,0.0,0.0,0.0,540144
2025-08-26 00:00:00+05:30,18.760000228881836,21.739999771118164,18.700000762939453,20.239999771118164,40000,0.0,0.0,0.0,540144
2025-08-28 00:00:00+05:30,19.520000457763672,19.520000457763672,19.510000228881836,19.510000228881836,5000,0.0,0.0,0.0,540144
2025-08-29 00:00:00+05:30,19.510000228881836,19.510000228881836,19.510000228881836,19.510000228881836,0,0.0,0.0,0.0,540144
2025-09-01 00:00:00+05:30,19.5,19.5,19.5,19.5,2500,0.0,0.0,0.0,540144
2025-09-02 00:00:00+05:30,19.510000228881836,19.510000228881836,19.5,19.5,5000,0.0,0.0,0.0,540144
2025-09-03 00:00:00+05:30,21.0,21.25,20.950000762939453,21.25,15000,0.0,0.0,0.0,540144
2025-09-04 00:00:00+05:30,21.25,21.25,21.25,21.25,0,0.0,0.0,0.0,540144
2025-09-05 00:00:00+05:30,21.25,21.25,21.25,21.25,0,0.0,0.0,0.0,540144
2025-09-08 00:00:00+05:30,18.799999237060547,19.110000610351562,18.799999237060547,19.110000610351562,5000,0.0,0.0,0.0,540144
2025-09-09 00:00:00+05:30,19.200000762939453,20.0,19.0,19.0,22500,0.0,0.0,0.0,540144
2025-09-10 00:00:00+05:30,19.049999237060547,19.5,19.049999237060547,19.5,5000,0.0,0.0,0.0,540144
2025-09-11 00:00:00+05:30,19.5,19.5,19.5,19.5,0,0.0,0.0,0.0,540144
2025-09-12 00:00:00+05:30,19.5,19.5,19.5,19.5,0,0.0,0.0,0.0,540144
2025-09-15 00:00:00+05:30,20.5,20.700000762939453,19.549999237060547,19.549999237060547,20000,0.0,0.0,0.0,540144
2025-09-16 00:00:00+05:30,19.549999237060547,19.549999237060547,19.549999237060547,19.549999237060547,0,0.0,0.0,0.0,540144
2025-09-17 00:00:00+05:30,19.549999237060547,19.549999237060547,19.549999237060547,19.549999237060547,0,0.0,0.0,0.0,540144
2025-09-18 00:00:00+05:30,19.549999237060547,19.549999237060547,19.549999237060547,19.549999237060547,0,0.0,0.0,0.0,540144
2025-09-19 00:00:00+05:30,19.100000381469727,19.799999237060547,18.0,19.700000762939453,17500,0.0,0.0,0.0,540144
2025-09-22 00:00:00+05:30,19.700000762939453,19.700000762939453,19.700000762939453,19.700000762939453,0,0.0,0.0,0.0,540144
2025-09-23 00:00:00+05:30,19.200000762939453,19.200000762939453,19.200000762939453,19.200000762939453,2500,0.0,0.0,0.0,540144
2025-09-24 00:00:00+05:30,20.59000015258789,20.799999237060547,20.59000015258789,20.790000915527344,10000,0.0,0.0,0.0,540144
2025-09-25 00:00:00+05:30,20.790000915527344,20.790000915527344,20.790000915527344,20.790000915527344,0,0.0,0.0,0.0,540144
2025-09-26 00:00:00+05:30,20.790000915527344,20.790000915527344,20.790000915527344,20.790000915527344,0,0.0,0.0,0.0,540144
2025-09-29 00:00:00+05:30,20.790000915527344,20.790000915527344,20.790000915527344,20.790000915527344,0,0.0,0.0,0.0,540144
2025-09-30 00:00:00+05:30,20.790000915527344,20.790000915527344,20.790000915527344,20.790000915527344,0,0.0,0.0,0.0,540144
2025-10-01 00:00:00+05:30,20.790000915527344,20.790000915527344,20.790000915527344,20.790000915527344,2500,0.0,0.0,0.0,540144
2025-10-03 00:00:00+05:30,19.700000762939453,19.700000762939453,19.5,19.600000381469727,7500,0.0,0.0,0.0,540144
2025-10-06 00:00:00+05:30,19.600000381469727,19.600000381469727,19.600000381469727,19.600000381469727,0,0.0,0.0,0.0,540144
2025-10-07 00:00:00+05:30,19.600000381469727,19.600000381469727,19.600000381469727,19.600000381469727,0,0.0,0.0,0.0,540144
2025-10-08 00:00:00+05:30,19.600000381469727,19.600000381469727,19.600000381469727,19.600000381469727,0,0.0,0.0,0.0,540144
2025-10-09 00:00:00+05:30,21.799999237060547,21.799999237060547,21.799999237060547,21.799999237060547,2500,0.0,0.0,0.0,540144
2025-10-10 00:00:00+05:30,24.299999237060547,24.299999237060547,20.31999969482422,21.5,12500,0.0,0.0,0.0,540144
2025-10-13 00:00:00+05:30,21.5,21.5,21.5,21.5,0,0.0,0.0,0.0,540144
2025-10-14 00:00:00+05:30,21.5,21.5,21.5,21.5,0,0.0,0.0,0.0,540144
2025-10-15 00:00:00+05:30,21.5,21.5,21.5,21.5,0,0.0,0.0,0.0,540144
2025-10-16 00:00:00+05:30,21.5,21.5,21.5,21.5,0,0.0,0.0,0.0,540144
2025-10-17 00:00:00+05:30,21.25,21.25,21.25,21.25,2500,0.0,0.0,0.0,540144
2025-10-20 00:00:00+05:30,21.25,21.25,21.25,21.25,0,0.0,0.0,0.0,540144
2025-10-21 00:00:00+05:30,21.25,21.25,21.25,21.25,0,0.0,0.0,0.0,540144
2025-10-23 00:00:00+05:30,20.049999237060547,20.049999237060547,19.0,19.329999923706055,12500,0.0,0.0,0.0,540144
2025-10-24 00:00:00+05:30,19.329999923706055,19.329999923706055,19.329999923706055,19.329999923706055,0,0.0,0.0,0.0,540144
2025-10-27 00:00:00+05:30,19.329999923706055,19.329999923706055,19.329999923706055,19.329999923706055,0,0.0,0.0,0.0,540144
2025-10-28 00:00:00+05:30,19.329999923706055,19.329999923706055,19.329999923706055,19.329999923706055,0,0.0,0.0,0.0,540144
2025-10-29 00:00:00+05:30,19.329999923706055,19.329999923706055,19.329999923706055,19.329999923706055,0,0.0,0.0,0.0,540144
2025-10-30 00:00:00+05:30,19.5,19.5,19.5,19.5,2500,0.0,0.0,0.0,540144
2025-10-31 00:00:00+05:30,19.5,19.5,19.5,19.5,2500,0.0,0.0,0.0,540144
2025-11-03 00:00:00+05:30,19.5,19.5,19.5,19.5,0,0.0,0.0,0.0,540144
2025-11-04 00:00:00+05:30,19.5,19.5,19.5,19.5,0,0.0,0.0,0.0,540144
2025-11-05 00:00:00+05:30,19.5,19.5,19.5,19.5,0,0.0,0.0,0.0,540144
2025-11-06 00:00:00+05:30,19.5,19.75,19.5,19.75,5000,0.0,0.0,0.0,540144
2025-11-07 00:00:00+05:30,19.75,19.75,19.75,19.75,0,0.0,0.0,0.0,540144
2025-11-10 00:00:00+05:30,19.75,19.75,19.75,19.75,0,0.0,0.0,0.0,540144
2025-11-11 00:00:00+05:30,19.899999618530273,19.899999618530273,19.899999618530273,19.899999618530273,2500,0.0,0.0,0.0,540144
2025-11-12 00:00:00+05:30,19.850000381469727,19.850000381469727,19.0,19.0,5000,0.0,0.0,0.0,540144
2025-11-13 00:00:00+05:30,19.0,19.0,19.0,19.0,0,0.0,0.0,0.0,540144
2025-11-14 00:00:00+05:30,17.010000228881836,19.0,17.010000228881836,18.93000030517578,15000,0.0,0.0,0.0,540144
2025-11-17 00:00:00+05:30,18.93000030517578,18.93000030517578,18.93000030517578,18.93000030517578,0,0.0,0.0,0.0,540144
2025-11-18 00:00:00+05:30,17.260000228881836,17.770000457763672,17.260000228881836,17.770000457763672,5000,0.0,0.0,0.0,540144
2025-11-19 00:00:00+05:30,17.770000457763672,17.770000457763672,17.770000457763672,17.770000457763672,0,0.0,0.0,0.0,540144
2025-11-20 00:00:00+05:30,17.770000457763672,17.770000457763672,17.770000457763672,17.770000457763672,0,0.0,0.0,0.0,540144
2025-11-21 00:00:00+05:30,20.18000030517578,20.18000030517578,19.799999237060547,19.799999237060547,5000,0.0,0.0,0.0,540144
2025-11-24 00:00:00+05:30,17.700000762939453,17.989999771118164,17.0,17.139999389648438,42500,0.0,0.0,0.0,540144
2025-11-25 00:00:00+05:30,17.989999771118164,18.350000381469727,16.100000381469727,16.5,37500,0.0,0.0,0.0,540144
2025-11-26 00:00:00+05:30,17.690000534057617,17.989999771118164,17.020000457763672,17.270000457763672,17500,0.0,0.0,0.0,540144
2025-11-27 00:00:00+05:30,17.270000457763672,17.270000457763672,17.270000457763672,17.270000457763672,0,0.0,0.0,0.0,540144
2025-11-28 00:00:00+05:30,17.0,18.049999237060547,17.0,17.510000228881836,32500,0.0,0.0,0.0,540144
2025-12-01 00:00:00+05:30,18.299999237060547,18.299999237060547,17.0,17.350000381469727,15000,0.0,0.0,0.0,540144
2025-12-02 00:00:00+05:30,17.350000381469727,17.350000381469727,17.350000381469727,17.350000381469727,0,0.0,0.0,0.0,540144
2025-12-03 00:00:00+05:30,16.899999618530273,16.899999618530273,16.899999618530273,16.899999618530273,5000,0.0,0.0,0.0,540144
2025-12-04 00:00:00+05:30,16.899999618530273,16.899999618530273,16.899999618530273,16.899999618530273,0,0.0,0.0,0.0,540144
2025-12-05 00:00:00+05:30,16.899999618530273,16.899999618530273,16.049999237060547,16.079999923706055,10000,0.0,0.0,0.0,540144
2025-12-08 00:00:00+05:30,14.130000114440918,14.130000114440918,14.130000114440918,14.130000114440918,2500,0.0,0.0,0.0,540144
2025-12-09 00:00:00+05:30,14.399999618530273,14.399999618530273,14.300000190734863,14.300000190734863,7500,0.0,0.0,0.0,540144
2025-12-10 00:00:00+05:30,14.300000190734863,14.300000190734863,14.300000190734863,14.300000190734863,0,0.0,0.0,0.0,540144
2025-12-11 00:00:00+05:30,15.699999809265137,17.15999984741211,15.699999809265137,17.15999984741211,20000,0.0,0.0,0.0,540144
2025-12-12 00:00:00+05:30,19.399999618530273,19.399999618530273,16.899999618530273,16.899999618530273,7500,0.0,0.0,0.0,540144
2025-12-15 00:00:00+05:30,16.899999618530273,16.899999618530273,16.899999618530273,16.899999618530273,0,0.0,0.0,0.0,540144
2025-12-16 00:00:00+05:30,16.899999618530273,16.899999618530273,16.899999618530273,16.899999618530273,0,0.0,0.0,0.0,540144
2025-12-17 00:00:00+05:30,17.700000762939453,17.700000762939453,17.649999618530273,17.649999618530273,5000,0.0,0.0,0.0,540144
2025-12-18 00:00:00+05:30,17.649999618530273,17.649999618530273,17.649999618530273,17.649999618530273,0,0.0,0.0,0.0,540144
2025-12-19 00:00:00+05:30,17.649999618530273,17.649999618530273,17.649999618530273,17.649999618530273,0,0.0,0.0,0.0,540144
2025-12-22 00:00:00+05:30,17.0,17.989999771118164,17.0,17.989999771118164,5000,0.0,0.0,0.0,540144
2025-12-23 00:00:00+05:30,17.860000610351562,17.860000610351562,16.100000381469727,17.829999923706055,27500,0.0,0.0,0.0,540144
2025-12-24 00:00:00+05:30,17.829999923706055,17.829999923706055,17.829999923706055,17.829999923706055,0,0.0,0.0,0.0,540144
2025-12-26 00:00:00+05:30,17.989999771118164,17.989999771118164,16.520000457763672,16.670000076293945,25000,0.0,0.0,0.0,540144
2025-12-29 00:00:00+05:30,18.270000457763672,18.270000457763672,15.609999656677246,15.609999656677246,5000,0.0,0.0,0.0,540144
2025-12-30 00:00:00+05:30,15.609999656677246,15.609999656677246,15.609999656677246,15.609999656677246,0,0.0,0.0,0.0,540144
2025-12-31 00:00:00+05:30,16.899999618530273,16.899999618530273,16.0,16.0,7500,0.0,0.0,0.0,540144
2026-01-01 00:00:00+05:30,17.489999771118164,17.780000686645508,17.0,17.780000686645508,15000,0.0,0.0,0.0,540144
2026-01-02 00:00:00+05:30,17.780000686645508,18.739999771118164,17.780000686645508,18.739999771118164,10000,0.0,0.0,0.0,540144
2026-01-05 00:00:00+05:30,18.739999771118164,18.739999771118164,18.739999771118164,18.739999771118164,0,0.0,0.0,0.0,540144
